  0.0   0.0      0.00000000
  0.0   0.8      0.09801714
  0.0   1.6      0.19509032
  0.0   2.4      0.29028468
  0.0   3.2      0.38268343
  0.0   4.0      0.47139674
  0.0   4.8      0.55557023
  0.0   5.6      0.63439328
  0.0   6.4      0.70710678
  0.0   7.2      0.77301045
  0.0   8.0      0.83146961
  0.0   8.8      0.88192126
  0.0   9.6      0.92387953
  0.0  10.4      0.95694034
  0.0  11.2      0.98078528
  0.0  12.0      0.99518473
  0.0  12.8      1.00000000
  0.0  13.6      0.99518473
  0.0  14.4      0.98078528
  0.0  15.2      0.95694034
  0.0  16.0      0.92387953
  0.0  16.8      0.88192126
  0.0  17.6      0.83146961
  0.0  18.4      0.77301045
  0.0  19.2      0.70710678
  0.0  20.0      0.63439328
  0.0  20.8      0.55557023
  0.0  21.6      0.47139674
  0.0  22.4      0.38268343
  0.0  23.2      0.29028468
  0.0  24.0      0.19134172
  0.0  24.8      0.09567086
  0.0  25.6     -0.00000000

  0.8   0.0      0.19509032
  0.8   0.8      0.24980550
  0.8   1.6      0.30958259
  0.8   2.4      0.37316985
  0.8   3.2      0.43765832
  0.8   4.0      0.50310268
  0.8   4.8      0.56605647
  0.8   5.6      0.62773386
  0.8   6.4      0.68416386
  0.8   7.2      0.73757472
  0.8   8.0      0.78354173
  0.8   8.8      0.82515352
  0.8   9.6      0.85764482
  0.8  10.4      0.88479804
  0.8  11.2      0.90164978
  0.8  12.0      0.91249569
  0.8  12.8      0.91233409
  0.8  13.6      0.90578089
  0.8  14.4      0.88796250
  0.8  15.2      0.86361286
  0.8  16.0      0.82814899
  0.8  16.8      0.78621542
  0.8  17.6      0.73366873
  0.8  18.4      0.67485601
  0.8  19.2      0.60620000
  0.8  20.0      0.53154753
  0.8  20.8      0.44798699
  0.8  21.6      0.35868036
  0.8  22.4      0.26146493
  0.8  23.2      0.15868051
  0.8  24.0      0.04893278
  0.8  24.8     -0.06323936
  0.8  25.6     -0.17677670

  1.6   0.0      0.38268343
  1.6   0.8      0.39606494
  1.6   1.6      0.42120778
  1.6   2.4      0.45377079
  1.6   3.2      0.49352723
  1.6   4.0      0.53505334
  1.6   4.8      0.58050471
  1.6   5.6      0.62329943
  1.6   6.4      0.66765815
  1.6   7.2      0.70590011
  1.6   8.0      0.74398827
  1.6   8.8      0.77330472
  1.6   9.6      0.80121399
  1.6  10.4      0.81839835
  1.6  11.2      0.83326089
  1.6  12.0      0.83607319
  1.6  12.8      0.83589332
  1.6  13.6      0.82290139
  1.6  14.4      0.80641154
  1.6  15.2      0.77684105
  1.6  16.0      0.74335356
  1.6  16.8      0.69692156
  1.6  17.6      0.64615258
  1.6  18.4      0.58286260
  1.6  19.2      0.51470724
  1.6  20.0      0.43458794
  1.6  20.8      0.34883495
  1.6  21.6      0.25162733
  1.6  22.4      0.14766496
  1.6  23.2      0.03265692
  1.6  24.0     -0.09010886
  1.6  24.8     -0.22125129
  1.6  25.6     -0.35355339

  2.4   0.0      0.55557023
  2.4   0.8      0.53150613
  2.4   1.6      0.52356280
  2.4   2.4      0.52997129
  2.4   3.2      0.54399759
  2.4   4.0      0.56761426
  2.4   4.8      0.59234134
  2.4   5.6      0.62340469
  2.4   6.4      0.65056408
  2.4   7.2      0.68181657
  2.4   8.0      0.70532221
  2.4   8.8      0.73134808
  2.4   9.6      0.74674768
  2.4  10.4      0.76352706
  2.4  11.2      0.76762240
  2.4  12.0      0.77221720
  2.4  12.8      0.76278277
  2.4  13.6      0.75309394
  2.4  14.4      0.72864178
  2.4  15.2      0.70319222
  2.4  16.0      0.66274293
  2.4  16.8      0.62044883
  2.4  17.6      0.56327401
  2.4  18.4      0.50317087
  2.4  19.2      0.42847423
  2.4  20.0      0.34936474
  2.4  20.8      0.25587018
  2.4  21.6      0.15586373
  2.4  22.4      0.04128245
  2.4  23.2     -0.08281653
  2.4  24.0     -0.22262347
  2.4  24.8     -0.37716067
  2.4  25.6     -0.55557023

  3.2   0.0      0.70710678
  3.2   0.8      0.64944353
  3.2   1.6      0.61435899
  3.2   2.4      0.59445810
  3.2   3.2      0.59035617
  3.2   4.0      0.59241350
  3.2   4.8      0.60579531
  3.2   5.6      0.61846291
  3.2   6.4      0.63949982
  3.2   7.2      0.65457318
  3.2   8.0      0.67603901
  3.2   8.8      0.68757458
  3.2   9.6      0.70412733
  3.2  10.4      0.70783843
  3.2  11.2      0.71552458
  3.2  12.0      0.70834977
  3.2  12.8      0.70424150
  3.2  13.6      0.68400943
  3.2  14.4      0.66590895
  3.2  15.2      0.63104255
  3.2  16.0      0.59720182
  3.2  16.8      0.54641482
  3.2  17.6      0.49522548
  3.2  18.4      0.42716730
  3.2  19.2      0.35677550
  3.2  20.0      0.26957698
  3.2  20.8      0.17736951
  3.2  21.6      0.06802486
  3.2  22.4     -0.05010480
  3.2  23.2     -0.18667712
  3.2  24.0     -0.33761541
  3.2  24.8     -0.51058043
  3.2  25.6     -0.70710678

  4.0   0.0      0.83146961
  4.0   0.8      0.74665214
  4.0   1.6      0.68634265
  4.0   2.4      0.64862454
  4.0   3.2      0.62343725
  4.0   4.0      0.61478495
  4.0   4.8      0.60962946
  4.0   5.6      0.61712463
  4.0   6.4      0.62124655
  4.0   7.2      0.63552601
  4.0   8.0      0.64122054
  4.0   8.8      0.65542773
  4.0   9.6      0.65716453
  4.0  10.4      0.66623406
  4.0  11.2      0.66004549
  4.0  12.0      0.66019649
  4.0  12.8      0.64322478
  4.0  13.6      0.63157362
  4.0  14.4      0.60170051
  4.0  15.2      0.57592544
  4.0  16.0      0.53142415
  4.0  16.8      0.48942544
  4.0  17.6      0.42858190
  4.0  18.4      0.36808418
  4.0  19.2      0.28873273
  4.0  20.0      0.20676911
  4.0  20.8      0.10567366
  4.0  21.6     -0.00213388
  4.0  22.4     -0.13016640
  4.0  23.2     -0.27069418
  4.0  24.0     -0.43420882
  4.0  24.8     -0.61858932
  4.0  25.6     -0.83146961

  4.8   0.0      0.92387953
  4.8   0.8      0.81710689
  4.8   1.6      0.74027046
  4.8   2.4      0.68360887
  4.8   3.2      0.64888002
  4.8   4.0      0.62285861
  4.8   4.8      0.61372881
  4.8   5.6      0.60462403
  4.8   6.4      0.60927431
  4.8   7.2      0.60735238
  4.8   8.0      0.61721884
  4.8   8.8      0.61554480
  4.8   9.6      0.62434636
  4.8  10.4      0.61796285
  4.8  11.2      0.62102670
  4.8  12.0      0.60636511
  4.8  12.8      0.60013361
  4.8  13.6      0.57455939
  4.8  14.4      0.55619303
  4.8  15.2      0.51761077
  4.8  16.0      0.48461969
  4.8  16.8      0.43107613
  4.8  17.6      0.38091989
  4.8  18.4      0.31014545
  4.8  19.2      0.23973847
  4.8  20.0      0.14855958
  4.8  20.8      0.05360371
  4.8  21.6     -0.06286690
  4.8  22.4     -0.18883762
  4.8  23.2     -0.33837448
  4.8  24.0     -0.50540169
  4.8  24.8     -0.70034389
  4.8  25.6     -0.92387953

  5.6   0.0      0.98078528
  5.6   0.8      0.86031106
  5.6   1.6      0.76875514
  5.6   2.4      0.70461409
  5.6   3.2      0.65528133
  5.6   4.0      0.62695652
  5.6   4.8      0.60280059
  5.6   5.6      0.59575004
  5.6   6.4      0.58477989
  5.6   7.2      0.58856971
  5.6   8.0      0.58230530
  5.6   8.8      0.58934924
  5.6   9.6      0.58176594
  5.6  10.4      0.58646220
  5.6  11.2      0.57324983
  5.6  12.0      0.57136891
  5.6  12.8      0.54938324
  5.6  13.6      0.53760208
  5.6  14.4      0.50441883
  5.6  15.2      0.47992149
  5.6  16.0      0.43342203
  5.6  16.8      0.39350042
  5.6  17.6      0.33142590
  5.6  18.4      0.27301619
  5.6  19.2      0.19242406
  5.6  20.0      0.11150625
  5.6  20.8      0.00804811
  5.6  21.6     -0.10118600
  5.6  22.4     -0.23427505
  5.6  23.2     -0.38061223
  5.6  24.0     -0.55394693
  5.6  24.8     -0.75081988
  5.6  25.6     -0.98078528

  6.4   0.0      1.00000000
  6.4   0.8      0.87157452
  6.4   1.6      0.77592867
  6.4   2.4      0.70186002
  6.4   3.2      0.65264748
  6.4   4.0      0.61234999
  6.4   4.8      0.59214865
  6.4   5.6      0.57123427
  6.4   6.4      0.56764792
  6.4   7.2      0.55600590
  6.4   8.0      0.56009630
  6.4   8.8      0.55058773
  6.4   9.6      0.55580949
  6.4  10.4      0.54336428
  6.4  11.2      0.54482485
  6.4  12.0      0.52579283
  6.4  12.8      0.51971232
  6.4  13.6      0.49136270
  6.4  14.4      0.47464104
  6.4  15.2      0.43472981
  6.4  16.0      0.40454820
  6.4  16.8      0.35088648
  6.4  17.6      0.30427755
  6.4  18.4      0.23423642
  6.4  19.2      0.16755513
  6.4  20.0      0.07743430
  6.4  20.8     -0.01435231
  6.4  21.6     -0.13018365
  6.4  22.4     -0.25449344
  6.4  23.2     -0.40480206
  6.4  24.0     -0.57285123
  6.4  24.8     -0.77122535
  6.4  25.6     -1.00000000

  7.2   0.0      0.98078528
  7.2   0.8      0.85347642
  7.2   1.6      0.75481988
  7.2   2.4      0.68437271
  7.2   3.2      0.62794606
  7.2   4.0      0.59408588
  7.2   4.8      0.56311536
  7.2   5.6      0.55151288
  7.2   6.4      0.53426931
  7.2   7.2      0.53466559
  7.2   8.0      0.52291007
  7.2   8.8      0.52784933
  7.2   9.6      0.51576824
  7.2  10.4      0.51972952
  7.2  11.2      0.50318544
  7.2  12.0      0.50196727
  7.2  12.8      0.47794363
  7.2  13.6      0.46819686
  7.2  14.4      0.43434678
  7.2  15.2      0.41317596
  7.2  16.0      0.36740449
  7.2  16.8      0.33197095
  7.2  17.6      0.27198755
  7.2  18.4      0.21905013
  7.2  19.2      0.14182593
  7.2  20.0      0.06714790
  7.2  20.8     -0.03180004
  7.2  21.6     -0.13426650
  7.2  22.4     -0.26186376
  7.2  23.2     -0.40112994
  7.2  24.0     -0.56813476
  7.2  24.8     -0.75781270
  7.2  25.6     -0.98078528

  8.0   0.0      0.92387953
  8.0   0.8      0.80304328
  8.0   1.6      0.71293898
  8.0   2.4      0.64195821
  8.0   3.2      0.59526684
  8.0   4.0      0.55522073
  8.0   4.8      0.53589334
  8.0   5.6      0.51359726
  8.0   6.4      0.51020678
  8.0   7.2      0.49643393
  8.0   8.0      0.50072556
  8.0   8.8      0.48899651
  8.0   9.6      0.49490346
  8.0  10.4      0.48064723
  8.0  11.2      0.48360776
  8.0  12.0      0.46355790
  8.0  12.8      0.46001764
  8.0  13.6      0.43174556
  8.0  14.4      0.41875987
  8.0  15.2      0.38027128
  8.0  16.0      0.35513982
  8.0  16.8      0.30447260
  8.0  17.6      0.26434562
  8.0  18.4      0.19910988
  8.0  19.2      0.14050385
  8.0  20.0      0.05729852
  8.0  20.8     -0.02455237
  8.0  21.6     -0.13092785
  8.0  22.4     -0.24297834
  8.0  23.2     -0.38062449
  8.0  24.0     -0.53330889
  8.0  24.8     -0.71478768
  8.0  25.6     -0.92387953

  8.8   0.0      0.83146961
  8.8   0.8      0.72589737
  8.8   1.6      0.64405027
  8.8   2.4      0.58715735
  8.8   3.2      0.54047685
  8.8   4.0      0.51496626
  8.8   4.8      0.48918770
  8.8   5.6      0.48278886
  8.8   6.4      0.46795045
  8.8   7.2      0.47183426
  8.8   8.0      0.46096000
  8.8   8.8      0.46866958
  8.8   9.6      0.45686601
  8.8  10.4      0.46358570
  8.8  11.2      0.44740536
  8.8  12.0      0.44944411
  8.8  12.8      0.42641234
  8.8  13.6      0.42081254
  8.8  14.4      0.38904166
  8.8  15.2      0.37324558
  8.8  16.0      0.33107671
  8.8  16.8      0.30259383
  8.8  17.6      0.24821290
  8.8  18.4      0.20423395
  8.8  19.2      0.13520725
  8.8  20.0      0.07210510
  8.8  20.8     -0.01523025
  8.8  21.6     -0.10258686
  8.8  22.4     -0.21396113
  8.8  23.2     -0.33317910
  8.8  24.0     -0.47757201
  8.8  24.8     -0.64013091
  8.8  25.6     -0.83146961

  9.6   0.0      0.70710678
  9.6   0.8      0.62082480
  9.6   1.6      0.55869233
  9.6   2.4      0.50970098
  9.6   3.2      0.48116074
  9.6   4.0      0.45477333
  9.6   4.8      0.44726528
  9.6   5.6      0.43322690
  9.6   6.4      0.43772528
  9.6   7.2      0.42885793
  9.6   8.0      0.43877247
  9.6   8.8      0.43005297
  9.6   9.6      0.44048586
  9.6  10.4      0.42840609
  9.6  11.2      0.43563891
  9.6  12.0      0.41774385
  9.6  12.8      0.41886532
  9.6  13.6      0.39339401
  9.6  14.4      0.38600286
  9.6  15.2      0.35157574
  9.6  16.0      0.33350660
  9.6  16.8      0.28881202
  9.6  17.6      0.25783799
  9.6  18.4      0.20127311
  9.6  19.2      0.15473727
  9.6  20.0      0.08395378
  9.6  20.8      0.01827400
  9.6  21.6     -0.07043289
  9.6  22.4     -0.16045798
  9.6  23.2     -0.27300073
  9.6  24.0     -0.39518504
  9.6  24.8     -0.54089547
  9.6  25.6     -0.70710678

 10.4   0.0      0.55557023
 10.4   0.8      0.49606850
 10.4   1.6      0.45143289
 10.4   2.4      0.42501921
 10.4   3.2      0.40250773
 10.4   4.0      0.39717837
 10.4   4.8      0.38692590
 10.4   5.6      0.39403163
 10.4   6.4      0.38911414
 10.4   7.2      0.40231849
 10.4   8.0      0.39788314
 10.4   8.8      0.41246452
 10.4   9.6      0.40513329
 10.4  10.4      0.41751200
 10.4  11.2      0.40496036
 10.4  12.0      0.41236722
 10.4  12.8      0.39300865
 10.4  13.6      0.39323512
 10.4  14.4      0.36596071
 10.4  15.2      0.35714497
 10.4  16.0      0.32107813
 10.4  16.8      0.30148864
 10.4  17.6      0.25571977
 10.4  18.4      0.22350015
 10.4  19.2      0.16676502
 10.4  20.0      0.11960035
 10.4  20.8      0.04985975
 10.4  21.6     -0.01548500
 10.4  22.4     -0.10161995
 10.4  23.2     -0.18995615
 10.4  24.0     -0.29803162
 10.4  24.8     -0.41669372
 10.4  25.6     -0.55557023

 11.2   0.0      0.38268343
 11.2   0.8      0.35188724
 11.2   1.6      0.33515804
 11.2   2.4      0.32293393
 11.2   3.2      0.32473185
 11.2   4.0      0.32258163
 11.2   4.8      0.33544619
 11.2   5.6      0.33735376
 11.2   6.4      0.35575004
 11.2   7.2      0.35746594
 11.2   8.0      0.37721455
 11.2   8.8      0.37577061
 11.2   9.6      0.39366887
 11.2  10.4      0.38704131
 11.2  11.2      0.40060654
 11.2  12.0      0.38747058
 11.2  12.8      0.39475660
 11.2  13.6      0.37429198
 11.2  14.4      0.37374252
 11.2  15.2      0.34545913
 11.2  16.0      0.33576935
 11.2  16.8      0.29932773
 11.2  17.6      0.27928839
 11.2  18.4      0.23429126
 11.2  19.2      0.20258968
 11.2  20.0      0.14831841
 11.2  20.8      0.10326614
 11.2  21.6      0.03832937
 11.2  22.4     -0.02252251
 11.2  23.2     -0.10067281
 11.2  24.0     -0.18108562
 11.2  24.8     -0.27683614
 11.2  25.6     -0.38268343

 12.0   0.0      0.19509032
 12.0   0.8      0.19837972
 12.0   1.6      0.20507834
 12.0   2.4      0.22086668
 12.0   3.2      0.23266195
 12.0   4.0      0.25576986
 12.0   4.8      0.26844004
 12.0   5.6      0.29487043
 12.0   6.4      0.30535938
 12.0   7.2      0.33196821
 12.0   8.0      0.33810346
 12.0   8.8      0.36238950
 12.0   9.6      0.36269033
 12.0  10.4      0.38266102
 12.0  11.2      0.37620151
 12.0  12.0      0.39028469
 12.0  12.8      0.37658705
 12.0  13.6      0.38356621
 12.0  14.4      0.36250625
 12.0  15.2      0.36146230
 12.0  16.0      0.33317315
 12.0  16.8      0.32341868
 12.0  17.6      0.28818063
 12.0  18.4      0.26917338
 12.0  19.2      0.22727804
 12.0  20.0      0.19849974
 12.0  20.8      0.15007446
 12.0  21.6      0.11085779
 12.0  22.4      0.05563189
 12.0  23.2      0.00491250
 12.0  24.0     -0.05810131
 12.0  24.8     -0.12214122
 12.0  25.6     -0.19509032

 12.8   0.0      0.00000000
 12.8   0.8      0.03672204
 12.8   1.6      0.07548319
 12.8   2.4      0.10875189
 12.8   3.2      0.14806001
 12.8   4.0      0.17659513
 12.8   4.8      0.21493886
 12.8   5.6      0.23764399
 12.8   6.4      0.27355077
 12.8   7.2      0.28955489
 12.8   8.0      0.32164668
 12.8   8.8      0.33033667
 12.8   9.6      0.35738202
 12.8  10.4      0.35842555
 12.8  11.2      0.37938649
 12.8  12.0      0.37274452
 12.8  12.8      0.38681628
 12.8  13.6      0.37274452
 12.8  14.4      0.37938649
 12.8  15.2      0.35842555
 12.8  16.0      0.35738202
 12.8  16.8      0.33033667
 12.8  17.6      0.32164668
 12.8  18.4      0.28955489
 12.8  19.2      0.27355077
 12.8  20.0      0.23764399
 12.8  20.8      0.21493886
 12.8  21.6      0.17659513
 12.8  22.4      0.14806001
 12.8  23.2      0.10875189
 12.8  24.0      0.07548319
 12.8  24.8      0.03672204
 12.8  25.6     -0.00000000

 13.6   0.0     -0.19509032
 13.6   0.8     -0.12214122
 13.6   1.6     -0.05810131
 13.6   2.4      0.00491250
 13.6   3.2      0.05563189
 13.6   4.0      0.11085779
 13.6   4.8      0.15007446
 13.6   5.6      0.19849974
 13.6   6.4      0.22727804
 13.6   7.2      0.26917338
 13.6   8.0      0.28818063
 13.6   8.8      0.32341868
 13.6   9.6      0.33317315
 13.6  10.4      0.36146230
 13.6  11.2      0.36250625
 13.6  12.0      0.38356621
 13.6  12.8      0.37658705
 13.6  13.6      0.39028469
 13.6  14.4      0.37620151
 13.6  15.2      0.38266102
 13.6  16.0      0.36269033
 13.6  16.8      0.36238950
 13.6  17.6      0.33810346
 13.6  18.4      0.33196821
 13.6  19.2      0.30535938
 13.6  20.0      0.29487043
 13.6  20.8      0.26844004
 13.6  21.6      0.25576986
 13.6  22.4      0.23266195
 13.6  23.2      0.22086668
 13.6  24.0      0.20507834
 13.6  24.8      0.19837972
 13.6  25.6      0.19509032

 14.4   0.0     -0.38268343
 14.4   0.8     -0.27683614
 14.4   1.6     -0.18108562
 14.4   2.4     -0.10067281
 14.4   3.2     -0.02252251
 14.4   4.0      0.03832937
 14.4   4.8      0.10326614
 14.4   5.6      0.14831841
 14.4   6.4      0.20258968
 14.4   7.2      0.23429126
 14.4   8.0      0.27928839
 14.4   8.8      0.29932773
 14.4   9.6      0.33576935
 14.4  10.4      0.34545913
 14.4  11.2      0.37374252
 14.4  12.0      0.37429198
 14.4  12.8      0.39475660
 14.4  13.6      0.38747058
 14.4  14.4      0.40060654
 14.4  15.2      0.38704131
 14.4  16.0      0.39366887
 14.4  16.8      0.37577061
 14.4  17.6      0.37721455
 14.4  18.4      0.35746594
 14.4  19.2      0.35575004
 14.4  20.0      0.33735376
 14.4  20.8      0.33544619
 14.4  21.6      0.32258163
 14.4  22.4      0.32473185
 14.4  23.2      0.32293393
 14.4  24.0      0.33515804
 14.4  24.8      0.35188724
 14.4  25.6      0.38268343

 15.2   0.0     -0.55557023
 15.2   0.8     -0.41669372
 15.2   1.6     -0.29803162
 15.2   2.4     -0.18995615
 15.2   3.2     -0.10161995
 15.2   4.0     -0.01548500
 15.2   4.8      0.04985975
 15.2   5.6      0.11960035
 15.2   6.4      0.16676502
 15.2   7.2      0.22350015
 15.2   8.0      0.25571977
 15.2   8.8      0.30148864
 15.2   9.6      0.32107813
 15.2  10.4      0.35714497
 15.2  11.2      0.36596071
 15.2  12.0      0.39323512
 15.2  12.8      0.39300865
 15.2  13.6      0.41236722
 15.2  14.4      0.40496036
 15.2  15.2      0.41751200
 15.2  16.0      0.40513329
 15.2  16.8      0.41246452
 15.2  17.6      0.39788314
 15.2  18.4      0.40231849
 15.2  19.2      0.38911414
 15.2  20.0      0.39403163
 15.2  20.8      0.38692590
 15.2  21.6      0.39717837
 15.2  22.4      0.40250773
 15.2  23.2      0.42501921
 15.2  24.0      0.45143289
 15.2  24.8      0.49606850
 15.2  25.6      0.55557023

 16.0   0.0     -0.70710678
 16.0   0.8     -0.54089547
 16.0   1.6     -0.39518504
 16.0   2.4     -0.27300073
 16.0   3.2     -0.16045798
 16.0   4.0     -0.07043289
 16.0   4.8      0.01827400
 16.0   5.6      0.08395378
 16.0   6.4      0.15473727
 16.0   7.2      0.20127311
 16.0   8.0      0.25783799
 16.0   8.8      0.28881202
 16.0   9.6      0.33350660
 16.0  10.4      0.35157574
 16.0  11.2      0.38600286
 16.0  12.0      0.39339401
 16.0  12.8      0.41886532
 16.0  13.6      0.41774385
 16.0  14.4      0.43563891
 16.0  15.2      0.42840609
 16.0  16.0      0.44048586
 16.0  16.8      0.43005297
 16.0  17.6      0.43877247
 16.0  18.4      0.42885793
 16.0  19.2      0.43772528
 16.0  20.0      0.43322690
 16.0  20.8      0.44726528
 16.0  21.6      0.45477333
 16.0  22.4      0.48116074
 16.0  23.2      0.50970098
 16.0  24.0      0.55869233
 16.0  24.8      0.62082480
 16.0  25.6      0.70710678

 16.8   0.0     -0.83146961
 16.8   0.8     -0.64013091
 16.8   1.6     -0.47757201
 16.8   2.4     -0.33317910
 16.8   3.2     -0.21396113
 16.8   4.0     -0.10258686
 16.8   4.8     -0.01523025
 16.8   5.6      0.07210510
 16.8   6.4      0.13520725
 16.8   7.2      0.20423395
 16.8   8.0      0.24821290
 16.8   8.8      0.30259383
 16.8   9.6      0.33107671
 16.8  10.4      0.37324558
 16.8  11.2      0.38904166
 16.8  12.0      0.42081254
 16.8  12.8      0.42641234
 16.8  13.6      0.44944411
 16.8  14.4      0.44740536
 16.8  15.2      0.46358570
 16.8  16.0      0.45686601
 16.8  16.8      0.46866958
 16.8  17.6      0.46096000
 16.8  18.4      0.47183426
 16.8  19.2      0.46795045
 16.8  20.0      0.48278886
 16.8  20.8      0.48918770
 16.8  21.6      0.51496626
 16.8  22.4      0.54047685
 16.8  23.2      0.58715735
 16.8  24.0      0.64405027
 16.8  24.8      0.72589737
 16.8  25.6      0.83146961

 17.6   0.0     -0.92387953
 17.6   0.8     -0.71478768
 17.6   1.6     -0.53330889
 17.6   2.4     -0.38062449
 17.6   3.2     -0.24297834
 17.6   4.0     -0.13092785
 17.6   4.8     -0.02455237
 17.6   5.6      0.05729852
 17.6   6.4      0.14050385
 17.6   7.2      0.19910988
 17.6   8.0      0.26434562
 17.6   8.8      0.30447260
 17.6   9.6      0.35513982
 17.6  10.4      0.38027128
 17.6  11.2      0.41875987
 17.6  12.0      0.43174556
 17.6  12.8      0.46001764
 17.6  13.6      0.46355790
 17.6  14.4      0.48360776
 17.6  15.2      0.48064723
 17.6  16.0      0.49490346
 17.6  16.8      0.48899651
 17.6  17.6      0.50072556
 17.6  18.4      0.49643393
 17.6  19.2      0.51020678
 17.6  20.0      0.51359726
 17.6  20.8      0.53589334
 17.6  21.6      0.55522073
 17.6  22.4      0.59526684
 17.6  23.2      0.64195821
 17.6  24.0      0.71293898
 17.6  24.8      0.80304328
 17.6  25.6      0.92387953

 18.4   0.0     -0.98078528
 18.4   0.8     -0.75781270
 18.4   1.6     -0.56813476
 18.4   2.4     -0.40112994
 18.4   3.2     -0.26186376
 18.4   4.0     -0.13426650
 18.4   4.8     -0.03180004
 18.4   5.6      0.06714790
 18.4   6.4      0.14182593
 18.4   7.2      0.21905013
 18.4   8.0      0.27198755
 18.4   8.8      0.33197095
 18.4   9.6      0.36740449
 18.4  10.4      0.41317596
 18.4  11.2      0.43434678
 18.4  12.0      0.46819686
 18.4  12.8      0.47794363
 18.4  13.6      0.50196727
 18.4  14.4      0.50318544
 18.4  15.2      0.51972952
 18.4  16.0      0.51576824
 18.4  16.8      0.52784933
 18.4  17.6      0.52291007
 18.4  18.4      0.53466559
 18.4  19.2      0.53426931
 18.4  20.0      0.55151288
 18.4  20.8      0.56311536
 18.4  21.6      0.59408588
 18.4  22.4      0.62794606
 18.4  23.2      0.68437271
 18.4  24.0      0.75481988
 18.4  24.8      0.85347642
 18.4  25.6      0.98078528

 19.2   0.0     -1.00000000
 19.2   0.8     -0.77122535
 19.2   1.6     -0.57285123
 19.2   2.4     -0.40480206
 19.2   3.2     -0.25449344
 19.2   4.0     -0.13018365
 19.2   4.8     -0.01435231
 19.2   5.6      0.07743430
 19.2   6.4      0.16755513
 19.2   7.2      0.23423642
 19.2   8.0      0.30427755
 19.2   8.8      0.35088648
 19.2   9.6      0.40454820
 19.2  10.4      0.43472981
 19.2  11.2      0.47464104
 19.2  12.0      0.49136270
 19.2  12.8      0.51971232
 19.2  13.6      0.52579283
 19.2  14.4      0.54482485
 19.2  15.2      0.54336428
 19.2  16.0      0.55580949
 19.2  16.8      0.55058773
 19.2  17.6      0.56009630
 19.2  18.4      0.55600590
 19.2  19.2      0.56764792
 19.2  20.0      0.57123427
 19.2  20.8      0.59214865
 19.2  21.6      0.61234999
 19.2  22.4      0.65264748
 19.2  23.2      0.70186002
 19.2  24.0      0.77592867
 19.2  24.8      0.87157452
 19.2  25.6      1.00000000

 20.0   0.0     -0.98078528
 20.0   0.8     -0.75081988
 20.0   1.6     -0.55394693
 20.0   2.4     -0.38061223
 20.0   3.2     -0.23427505
 20.0   4.0     -0.10118600
 20.0   4.8      0.00804811
 20.0   5.6      0.11150625
 20.0   6.4      0.19242406
 20.0   7.2      0.27301619
 20.0   8.0      0.33142590
 20.0   8.8      0.39350042
 20.0   9.6      0.43342203
 20.0  10.4      0.47992149
 20.0  11.2      0.50441883
 20.0  12.0      0.53760208
 20.0  12.8      0.54938324
 20.0  13.6      0.57136891
 20.0  14.4      0.57324983
 20.0  15.2      0.58646220
 20.0  16.0      0.58176594
 20.0  16.8      0.58934924
 20.0  17.6      0.58230530
 20.0  18.4      0.58856971
 20.0  19.2      0.58477989
 20.0  20.0      0.59575004
 20.0  20.8      0.60280059
 20.0  21.6      0.62695652
 20.0  22.4      0.65528133
 20.0  23.2      0.70461409
 20.0  24.0      0.76875514
 20.0  24.8      0.86031106
 20.0  25.6      0.98078528

 20.8   0.0     -0.92387953
 20.8   0.8     -0.70034389
 20.8   1.6     -0.50540169
 20.8   2.4     -0.33837448
 20.8   3.2     -0.18883762
 20.8   4.0     -0.06286690
 20.8   4.8      0.05360371
 20.8   5.6      0.14855958
 20.8   6.4      0.23973847
 20.8   7.2      0.31014545
 20.8   8.0      0.38091989
 20.8   8.8      0.43107613
 20.8   9.6      0.48461969
 20.8  10.4      0.51761077
 20.8  11.2      0.55619303
 20.8  12.0      0.57455939
 20.8  12.8      0.60013361
 20.8  13.6      0.60636511
 20.8  14.4      0.62102670
 20.8  15.2      0.61796285
 20.8  16.0      0.62434636
 20.8  16.8      0.61554480
 20.8  17.6      0.61721884
 20.8  18.4      0.60735238
 20.8  19.2      0.60927431
 20.8  20.0      0.60462403
 20.8  20.8      0.61372881
 20.8  21.6      0.62285861
 20.8  22.4      0.64888002
 20.8  23.2      0.68360887
 20.8  24.0      0.74027046
 20.8  24.8      0.81710689
 20.8  25.6      0.92387953

 21.6   0.0     -0.83146961
 21.6   0.8     -0.61858932
 21.6   1.6     -0.43420882
 21.6   2.4     -0.27069418
 21.6   3.2     -0.13016640
 21.6   4.0     -0.00213388
 21.6   4.8      0.10567366
 21.6   5.6      0.20676911
 21.6   6.4      0.28873273
 21.6   7.2      0.36808418
 21.6   8.0      0.42858190
 21.6   8.8      0.48942544
 21.6   9.6      0.53142415
 21.6  10.4      0.57592544
 21.6  11.2      0.60170051
 21.6  12.0      0.63157362
 21.6  12.8      0.64322478
 21.6  13.6      0.66019649
 21.6  14.4      0.66004549
 21.6  15.2      0.66623406
 21.6  16.0      0.65716453
 21.6  16.8      0.65542773
 21.6  17.6      0.64122054
 21.6  18.4      0.63552601
 21.6  19.2      0.62124655
 21.6  20.0      0.61712463
 21.6  20.8      0.60962946
 21.6  21.6      0.61478495
 21.6  22.4      0.62343725
 21.6  23.2      0.64862454
 21.6  24.0      0.68634265
 21.6  24.8      0.74665214
 21.6  25.6      0.83146961

 22.4   0.0     -0.70710678
 22.4   0.8     -0.51058043
 22.4   1.6     -0.33761541
 22.4   2.4     -0.18667712
 22.4   3.2     -0.05010480
 22.4   4.0      0.06802486
 22.4   4.8      0.17736951
 22.4   5.6      0.26957698
 22.4   6.4      0.35677550
 22.4   7.2      0.42716730
 22.4   8.0      0.49522548
 22.4   8.8      0.54641482
 22.4   9.6      0.59720182
 22.4  10.4      0.63104255
 22.4  11.2      0.66590895
 22.4  12.0      0.68400943
 22.4  12.8      0.70424150
 22.4  13.6      0.70834977
 22.4  14.4      0.71552458
 22.4  15.2      0.70783843
 22.4  16.0      0.70412733
 22.4  16.8      0.68757458
 22.4  17.6      0.67603901
 22.4  18.4      0.65457318
 22.4  19.2      0.63949982
 22.4  20.0      0.61846291
 22.4  20.8      0.60579531
 22.4  21.6      0.59241350
 22.4  22.4      0.59035617
 22.4  23.2      0.59445810
 22.4  24.0      0.61435899
 22.4  24.8      0.64944353
 22.4  25.6      0.70710678

 23.2   0.0     -0.55557023
 23.2   0.8     -0.37716067
 23.2   1.6     -0.22262347
 23.2   2.4     -0.08281653
 23.2   3.2      0.04128245
 23.2   4.0      0.15586373
 23.2   4.8      0.25587018
 23.2   5.6      0.34936474
 23.2   6.4      0.42847423
 23.2   7.2      0.50317087
 23.2   8.0      0.56327401
 23.2   8.8      0.62044883
 23.2   9.6      0.66274293
 23.2  10.4      0.70319222
 23.2  11.2      0.72864178
 23.2  12.0      0.75309394
 23.2  12.8      0.76278277
 23.2  13.6      0.77221720
 23.2  14.4      0.76762240
 23.2  15.2      0.76352706
 23.2  16.0      0.74674768
 23.2  16.8      0.73134808
 23.2  17.6      0.70532221
 23.2  18.4      0.68181657
 23.2  19.2      0.65056408
 23.2  20.0      0.62340469
 23.2  20.8      0.59234134
 23.2  21.6      0.56761426
 23.2  22.4      0.54399759
 23.2  23.2      0.52997129
 23.2  24.0      0.52356280
 23.2  24.8      0.53150613
 23.2  25.6      0.55557023

 24.0   0.0     -0.35355339
 24.0   0.8     -0.22125129
 24.0   1.6     -0.09010886
 24.0   2.4      0.03265692
 24.0   3.2      0.14766496
 24.0   4.0      0.25162733
 24.0   4.8      0.34883495
 24.0   5.6      0.43458794
 24.0   6.4      0.51470724
 24.0   7.2      0.58286260
 24.0   8.0      0.64615258
 24.0   8.8      0.69692156
 24.0   9.6      0.74335356
 24.0  10.4      0.77684105
 24.0  11.2      0.80641154
 24.0  12.0      0.82290139
 24.0  12.8      0.83589332
 24.0  13.6      0.83607319
 24.0  14.4      0.83326089
 24.0  15.2      0.81839835
 24.0  16.0      0.80121399
 24.0  16.8      0.77330472
 24.0  17.6      0.74398827
 24.0  18.4      0.70590011
 24.0  19.2      0.66765815
 24.0  20.0      0.62329943
 24.0  20.8      0.58050471
 24.0  21.6      0.53505334
 24.0  22.4      0.49352723
 24.0  23.2      0.45377079
 24.0  24.0      0.42120778
 24.0  24.8      0.39606494
 24.0  25.6      0.38268343

 24.8   0.0     -0.17677670
 24.8   0.8     -0.06323936
 24.8   1.6      0.04893278
 24.8   2.4      0.15868051
 24.8   3.2      0.26146493
 24.8   4.0      0.35868036
 24.8   4.8      0.44798699
 24.8   5.6      0.53154753
 24.8   6.4      0.60620000
 24.8   7.2      0.67485601
 24.8   8.0      0.73366873
 24.8   8.8      0.78621542
 24.8   9.6      0.82814899
 24.8  10.4      0.86361286
 24.8  11.2      0.88796250
 24.8  12.0      0.90578089
 24.8  12.8      0.91233409
 24.8  13.6      0.91249569
 24.8  14.4      0.90164978
 24.8  15.2      0.88479804
 24.8  16.0      0.85764482
 24.8  16.8      0.82515352
 24.8  17.6      0.78354173
 24.8  18.4      0.73757472
 24.8  19.2      0.68416386
 24.8  20.0      0.62773386
 24.8  20.8      0.56605647
 24.8  21.6      0.50310268
 24.8  22.4      0.43765832
 24.8  23.2      0.37316985
 24.8  24.0      0.30958259
 24.8  24.8      0.24980550
 24.8  25.6      0.19509032

 25.6   0.0      0.00000000
 25.6   0.8      0.09567086
 25.6   1.6      0.19134172
 25.6   2.4      0.29028468
 25.6   3.2      0.38268343
 25.6   4.0      0.47139674
 25.6   4.8      0.55557023
 25.6   5.6      0.63439328
 25.6   6.4      0.70710678
 25.6   7.2      0.77301045
 25.6   8.0      0.83146961
 25.6   8.8      0.88192126
 25.6   9.6      0.92387953
 25.6  10.4      0.95694034
 25.6  11.2      0.98078528
 25.6  12.0      0.99518473
 25.6  12.8      1.00000000
 25.6  13.6      0.99518473
 25.6  14.4      0.98078528
 25.6  15.2      0.95694034
 25.6  16.0      0.92387953
 25.6  16.8      0.88192126
 25.6  17.6      0.83146961
 25.6  18.4      0.77301045
 25.6  19.2      0.70710678
 25.6  20.0      0.63439328
 25.6  20.8      0.55557023
 25.6  21.6      0.47139674
 25.6  22.4      0.38268343
 25.6  23.2      0.29028468
 25.6  24.0      0.19509032
 25.6  24.8      0.09801714
 25.6  25.6      0.00000000

