
    0.000000000     0.000000000    40.000000000
    1.000000000     0.000000000    17.026894730
    2.000000000     0.000000000    12.724479401
    3.000000000     0.000000000    10.097807151
    4.000000000     0.000000000     8.345425999
    5.000000000     0.000000000     7.100312864
    6.000000000     0.000000000     6.174414836
    7.000000000     0.000000000     5.462255783
    8.000000000     0.000000000     4.900329418
    9.000000000     0.000000000     4.448220659
   10.000000000     0.000000000     4.079060405
   11.000000000     0.000000000     3.774351836
   12.000000000     0.000000000     3.521001308
   13.000000000     0.000000000     3.309532487
   14.000000000     0.000000000     3.132969776
   15.000000000     0.000000000     2.986117723
   16.000000000     0.000000000     2.865084104
   17.000000000     0.000000000     2.766958416
   18.000000000     0.000000000     2.689593011
   19.000000000     0.000000000     2.631454570
   20.000000000     0.000000000     2.591525943
   21.000000000     0.000000000     2.569246165
   22.000000000     0.000000000     2.564481726
   23.000000000     0.000000000     2.577526055
   24.000000000     0.000000000     2.609127600
   25.000000000     0.000000000     2.660550333
   26.000000000     0.000000000     2.733674891
   27.000000000     0.000000000     2.831154611
   28.000000000     0.000000000     2.956650189
   29.000000000     0.000000000     3.115182160
   30.000000000     0.000000000     3.313667112
   31.000000000     0.000000000     3.561751645
   32.000000000     0.000000000     3.873148901
   33.000000000     0.000000000     4.267862996
   34.000000000     0.000000000     4.776067263
   35.000000000     0.000000000     5.445261438
   36.000000000     0.000000000     6.354429135
   37.000000000     0.000000000     7.644491720
   38.000000000     0.000000000     9.590602177
   39.000000000     0.000000000    12.793738064
   40.000000000     0.000000000    30.000000000

    0.000000000     1.000000000    40.000000000
    1.000000000     1.000000000    27.243031568
    2.000000000     1.000000000    20.359167041
    3.000000000     1.000000000    16.156491442
    4.000000000     1.000000000    13.352681599
    5.000000000     1.000000000    11.360500582
    6.000000000     1.000000000     9.879063737
    7.000000000     1.000000000     8.739609253
    8.000000000     1.000000000     7.840527069
    9.000000000     1.000000000     7.117153055
   10.000000000     1.000000000     6.526496648
   11.000000000     1.000000000     6.038962937
   12.000000000     1.000000000     5.633602092
   13.000000000     1.000000000     5.295251979
   14.000000000     1.000000000     5.012751641
   15.000000000     1.000000000     4.777788357
   16.000000000     1.000000000     4.584134567
   17.000000000     1.000000000     4.427133466
   18.000000000     1.000000000     4.303348818
   19.000000000     1.000000000     4.210327312
   20.000000000     1.000000000     4.146441508
   21.000000000     1.000000000     4.110793864
   22.000000000     1.000000000     4.103170761
   23.000000000     1.000000000     4.124041689
   24.000000000     1.000000000     4.174604160
   25.000000000     1.000000000     4.256880533
   26.000000000     1.000000000     4.373879825
   27.000000000     1.000000000     4.529847377
   28.000000000     1.000000000     4.730640302
   29.000000000     1.000000000     4.984291456
   30.000000000     1.000000000     5.301867379
   31.000000000     1.000000000     5.698802632
   32.000000000     1.000000000     6.197038242
   33.000000000     1.000000000     6.828580794
   34.000000000     1.000000000     7.641707621
   35.000000000     1.000000000     8.712418300
   36.000000000     1.000000000    10.167086615
   37.000000000     1.000000000    12.231186752
   38.000000000     1.000000000    15.344963483
   39.000000000     1.000000000    20.469980903
   40.000000000     1.000000000    30.000000000

    0.000000000     2.000000000    40.000000000
    1.000000000     2.000000000    31.586064502
    2.000000000     2.000000000    25.312665754
    3.000000000     2.000000000    20.816309976
    4.000000000     2.000000000    17.548308373
    5.000000000     2.000000000    15.109944128
    6.000000000     2.000000000    13.241730277
    7.000000000     2.000000000    11.776590423
    8.000000000     2.000000000    10.605016550
    9.000000000     2.000000000     9.653367842
   10.000000000     2.000000000     8.870810197
   11.000000000     2.000000000     8.221401171
   12.000000000     2.000000000     7.679192146
   13.000000000     2.000000000     7.225121696
   14.000000000     2.000000000     6.844996452
   15.000000000     2.000000000     6.528149497
   16.000000000     2.000000000     6.266532341
   17.000000000     2.000000000     6.054092063
   18.000000000     2.000000000     5.886341482
   19.000000000     2.000000000     5.760064353
   20.000000000     2.000000000     5.673118915
   21.000000000     2.000000000     5.624317021
   22.000000000     2.000000000     5.613365766
   23.000000000     2.000000000     5.640865778
   24.000000000     2.000000000     5.708366818
   25.000000000     2.000000000     5.818487813
   26.000000000     2.000000000     5.975116501
   27.000000000     2.000000000     6.183714772
   28.000000000     2.000000000     6.451772186
   29.000000000     2.000000000     6.789475982
   30.000000000     2.000000000     7.210708318
   31.000000000     2.000000000     7.734553260
   32.000000000     2.000000000     8.387620642
   33.000000000     2.000000000     9.207714317
   34.000000000     2.000000000    10.249764125
   35.000000000     2.000000000    11.595617528
   36.000000000     2.000000000    13.370312274
   37.000000000     2.000000000    15.768205191
   38.000000000     2.000000000    19.088084098
   39.000000000     2.000000000    23.741222065
   40.000000000     2.000000000    30.000000000

    0.000000000     3.000000000    40.000000000
    1.000000000     3.000000000    33.788560685
    2.000000000     3.000000000    28.489121498
    3.000000000     3.000000000    24.247774334
    4.000000000     3.000000000    20.914297788
    5.000000000     3.000000000    18.289237281
    6.000000000     3.000000000    16.201322821
    7.000000000     3.000000000    14.520005612
    8.000000000     3.000000000    13.149580867
    9.000000000     3.000000000    12.020491566
   10.000000000     3.000000000    11.081975126
   11.000000000     3.000000000    10.296639406
   12.000000000     3.000000000     9.636643624
   13.000000000     3.000000000     9.081046206
   14.000000000     3.000000000     8.613962976
   15.000000000     3.000000000     8.223280838
   16.000000000     3.000000000     7.899753237
   17.000000000     3.000000000     7.636360962
   18.000000000     3.000000000     7.427860693
   19.000000000     3.000000000     7.270469705
   20.000000000     3.000000000     7.161652776
   21.000000000     3.000000000     7.099989542
   22.000000000     3.000000000     7.085109502
   23.000000000     3.000000000     7.117688841
   24.000000000     3.000000000     7.199509522
   25.000000000     3.000000000     7.333587401
   26.000000000     3.000000000     7.524383593
   27.000000000     3.000000000     7.778123023
   28.000000000     3.000000000     8.103257687
   29.000000000     3.000000000     8.511131968
   30.000000000     3.000000000     9.016936652
   31.000000000     3.000000000     9.641081450
   32.000000000     3.000000000    10.411176746
   33.000000000     3.000000000    11.364891709
   34.000000000     3.000000000    12.554017035
   35.000000000     3.000000000    14.049975412
   36.000000000     3.000000000    15.950339762
   37.000000000     3.000000000    18.383237641
   38.000000000     3.000000000    21.497945654
   39.000000000     3.000000000    25.406823260
   40.000000000     3.000000000    30.000000000

    0.000000000     4.000000000    40.000000000
    1.000000000     4.000000000    35.079056742
    2.000000000     4.000000000    30.607485217
    3.000000000     4.000000000    26.771368074
    4.000000000     4.000000000    23.571871166
    5.000000000     4.000000000    20.931384387
    6.000000000     4.000000000    18.754318112
    7.000000000     4.000000000    16.952528336
    8.000000000     4.000000000    15.452809740
    9.000000000     4.000000000    14.197042428
   10.000000000     4.000000000    13.139959336
   11.000000000     4.000000000    12.246537703
   12.000000000     4.000000000    11.489696738
   13.000000000     4.000000000    10.848456529
   14.000000000     4.000000000    10.306528407
   15.000000000     4.000000000     9.851257642
   16.000000000     4.000000000     9.472838807
   17.000000000     4.000000000     9.163737857
   18.000000000     4.000000000     8.918270622
   19.000000000     4.000000000     8.732301000
   20.000000000     4.000000000     8.603032941
   21.000000000     4.000000000     8.528878869
   22.000000000     4.000000000     8.509393858
   23.000000000     4.000000000     8.545270562
   24.000000000     4.000000000     8.638395028
   25.000000000     4.000000000     8.791968675
   26.000000000     4.000000000     9.010707446
   27.000000000     4.000000000     9.301136040
   28.000000000     4.000000000     9.672003573
   29.000000000     4.000000000    10.134857550
   30.000000000     4.000000000    10.704824871
   31.000000000     4.000000000    11.401659144
   32.000000000     4.000000000    12.251113183
   33.000000000     4.000000000    13.286658738
   34.000000000     4.000000000    14.551436893
   35.000000000     4.000000000    16.099927324
   36.000000000     4.000000000    17.997833720
   37.000000000     4.000000000    20.316459957
   38.000000000     4.000000000    23.113637615
   39.000000000     4.000000000    26.388125321
   40.000000000     4.000000000    30.000000000

    0.000000000     5.000000000    40.000000000
    1.000000000     5.000000000    35.920181064
    2.000000000     5.000000000    32.090394555
    3.000000000     5.000000000    28.658341579
    4.000000000     5.000000000    25.670434414
    5.000000000     5.000000000    23.110110990
    6.000000000     5.000000000    20.932036906
    7.000000000     5.000000000    19.082979881
    8.000000000     5.000000000    17.512087329
    9.000000000     5.000000000    16.174909071
   10.000000000     5.000000000    15.034282086
   11.000000000     5.000000000    14.059855334
   12.000000000     5.000000000    13.227149095
   13.000000000     5.000000000    12.516554766
   14.000000000     5.000000000    11.912436480
   15.000000000     5.000000000    11.402382517
   16.000000000     5.000000000    10.976606494
   17.000000000     5.000000000    10.627481034
   18.000000000     5.000000000    10.349182941
   19.000000000     5.000000000    10.137430730
   20.000000000     5.000000000     9.989299118
   21.000000000     5.000000000     9.903099137
   22.000000000     5.000000000     9.878316500
   23.000000000     5.000000000     9.915604520
   24.000000000     5.000000000    10.016831355
   25.000000000     5.000000000    10.185184825
   26.000000000     5.000000000    10.425341479
   27.000000000     5.000000000    10.743710116
   28.000000000     5.000000000    11.148763017
   29.000000000     5.000000000    11.651469788
   30.000000000     5.000000000    12.265846138
   31.000000000     5.000000000    13.009617071
   32.000000000     5.000000000    13.904958103
   33.000000000     5.000000000    14.979193168
   34.000000000     5.000000000    16.265144474
   35.000000000     5.000000000    17.800463272
   36.000000000     5.000000000    19.624607838
   37.000000000     5.000000000    21.771130852
   38.000000000     5.000000000    24.252019529
   39.000000000     5.000000000    27.032040408
   40.000000000     5.000000000    30.000000000

    0.000000000     6.000000000    40.000000000
    1.000000000     6.000000000    36.511272960
    2.000000000     6.000000000    33.175570360
    3.000000000     6.000000000    30.101169275
    4.000000000     6.000000000    27.341413922
    5.000000000     6.000000000    24.906588251
    6.000000000     6.000000000    22.780738639
    7.000000000     6.000000000    20.935266954
    8.000000000     6.000000000    19.337650625
    9.000000000     6.000000000    17.956224443
   10.000000000     6.000000000    16.762404602
   11.000000000     6.000000000    15.731452452
   12.000000000     6.000000000    14.842489541
   13.000000000     6.000000000    14.078176960
   14.000000000     6.000000000    13.424280230
   15.000000000     6.000000000    12.869229452
   16.000000000     6.000000000    12.403723617
   17.000000000     6.000000000    12.020396847
   18.000000000     6.000000000    11.713549377
   19.000000000     6.000000000    11.478939862
   20.000000000     6.000000000    11.313633665
   21.000000000     6.000000000    11.215902060
   22.000000000     6.000000000    11.185168486
   23.000000000     6.000000000    11.221999663
   24.000000000     6.000000000    11.328141049
   25.000000000     6.000000000    11.506597789
   26.000000000     6.000000000    11.761763528
   27.000000000     6.000000000    12.099599930
   28.000000000     6.000000000    12.527868589
   29.000000000     6.000000000    13.056412447
   30.000000000     6.000000000    13.697472824
   31.000000000     6.000000000    14.466004899
   32.000000000     6.000000000    15.379908990
   33.000000000     6.000000000    16.460011358
   34.000000000     6.000000000    17.729484564
   35.000000000     6.000000000    19.212173451
   36.000000000     6.000000000    20.929003510
   37.000000000     6.000000000    22.891436082
   38.000000000     6.000000000    25.091269242
   39.000000000     6.000000000    27.488016781
   40.000000000     6.000000000    30.000000000

    0.000000000     7.000000000    40.000000000
    1.000000000     7.000000000    36.949340415
    2.000000000     7.000000000    33.999444650
    3.000000000     7.000000000    31.229351237
    4.000000000     7.000000000    28.687463746
    5.000000000     7.000000000    26.394089455
    6.000000000     7.000000000    24.349062447
    7.000000000     7.000000000    22.539698670
    8.000000000     7.000000000    20.947023774
    9.000000000     7.000000000    19.549933472
   10.000000000     7.000000000    18.327659428
   11.000000000     7.000000000    17.261060330
   12.000000000     7.000000000    16.333179660
   13.000000000     7.000000000    15.529383303
   14.000000000     7.000000000    14.837278030
   15.000000000     7.000000000    14.246531443
   16.000000000     7.000000000    13.748661676
   17.000000000     7.000000000    13.336833359
   18.000000000     7.000000000    13.005677858
   19.000000000     7.000000000    12.751145675
   20.000000000     7.000000000    12.570393622
   21.000000000     7.000000000    12.461706952
   22.000000000     7.000000000    12.424455723
   23.000000000     7.000000000    12.459084596
   24.000000000     7.000000000    12.567135387
   25.000000000     7.000000000    12.751301757
   26.000000000     7.000000000    13.015514914
   27.000000000     7.000000000    13.365057486
   28.000000000     7.000000000    13.806698964
   29.000000000     7.000000000    14.348838588
   30.000000000     7.000000000    15.001627810
   31.000000000     7.000000000    15.777020713
   32.000000000     7.000000000    16.688661600
   33.000000000     7.000000000    17.751458711
   34.000000000     7.000000000    18.980608972
   35.000000000     7.000000000    20.389742457
   36.000000000     7.000000000    21.987796667
   37.000000000     7.000000000    23.774340726
   38.000000000     7.000000000    25.733604578
   39.000000000     7.000000000    27.828757473
   40.000000000     7.000000000    30.000000000

    0.000000000     8.000000000    40.000000000
    1.000000000     8.000000000    37.286644050
    2.000000000     8.000000000    34.643516588
    3.000000000     8.000000000    32.129327279
    4.000000000     8.000000000    29.785000371
    5.000000000     8.000000000    27.633243377
    6.000000000     8.000000000    25.681723024
    7.000000000     8.000000000    23.927441505
    8.000000000     8.000000000    22.360812328
    9.000000000     8.000000000    20.968826244
   10.000000000     8.000000000    19.737239310
   11.000000000     8.000000000    18.651949780
   12.000000000     8.000000000    17.699785465
   13.000000000     8.000000000    16.868898560
   14.000000000     8.000000000    16.148917146
   15.000000000     8.000000000    15.530956613
   16.000000000     8.000000000    15.007558285
   17.000000000     8.000000000    14.572597057
   18.000000000     8.000000000    14.221183022
   19.000000000     8.000000000    13.949571357
   20.000000000     8.000000000    13.755088197
   21.000000000     8.000000000    13.636076402
   22.000000000     8.000000000    13.591862858
   23.000000000     8.000000000    13.622747613
   24.000000000     8.000000000    13.730014145
   25.000000000     8.000000000    13.915958939
   26.000000000     8.000000000    14.183936886
   27.000000000     8.000000000    14.538416135
   28.000000000     8.000000000    14.985031194
   29.000000000     8.000000000    15.530615131
   30.000000000     8.000000000    16.183179116
   31.000000000     8.000000000    16.951788541
   32.000000000     8.000000000    17.846257985
   33.000000000     8.000000000    18.876552915
   34.000000000     8.000000000    20.051750156
   35.000000000     8.000000000    21.378390739
   36.000000000     8.000000000    22.858099976
   37.000000000     8.000000000    24.484525577
   38.000000000     8.000000000    26.240050869
   39.000000000     8.000000000    28.093408532
   40.000000000     8.000000000    30.000000000

    0.000000000     9.000000000    40.000000000
    1.000000000     9.000000000    37.553719198
    2.000000000     9.000000000    35.158650371
    3.000000000     9.000000000    32.859440920
    4.000000000     9.000000000    30.689967082
    5.000000000     9.000000000    28.672160656
    6.000000000     9.000000000    26.817144766
    7.000000000     9.000000000    25.127531999
    8.000000000     9.000000000    23.599957789
    9.000000000     9.000000000    22.227319867
   10.000000000     9.000000000    21.000521787
   11.000000000     9.000000000    19.909714016
   12.000000000     9.000000000    18.945113862
   13.000000000     9.000000000    18.097508328
   14.000000000     9.000000000    17.358535379
   15.000000000     9.000000000    16.720819579
   16.000000000     9.000000000    16.178017795
   17.000000000     9.000000000    15.724813560
   18.000000000     9.000000000    15.356885817
   19.000000000     9.000000000    15.070868535
   20.000000000     9.000000000    14.864311407
   21.000000000     9.000000000    14.735647601
   22.000000000     9.000000000    14.684171693
   23.000000000     9.000000000    14.710028855
   24.000000000     9.000000000    14.814214642
   25.000000000     9.000000000    14.998582967
   26.000000000     9.000000000    15.265857556
   27.000000000     9.000000000    15.619638975
   28.000000000     9.000000000    16.064394546
   29.000000000     9.000000000    16.605411624
   30.000000000     9.000000000    17.248684984
   31.000000000     9.000000000    18.000696351
   32.000000000     9.000000000    18.868028885
   33.000000000     9.000000000    19.856744809
   34.000000000     9.000000000    20.971447997
   35.000000000     9.000000000    22.213970368
   36.000000000     9.000000000    23.581686920
   37.000000000     9.000000000    25.065610738
   38.000000000     9.000000000    26.648664790
   39.000000000     9.000000000    28.304825786
   40.000000000     9.000000000    30.000000000

    0.000000000    10.000000000    40.000000000
    1.000000000    10.000000000    37.769582372
    2.000000000    10.000000000    35.577924779
    3.000000000    10.000000000    33.459818948
    4.000000000    10.000000000    31.443266382
    5.000000000    10.000000000    29.548287400
    6.000000000    10.000000000    27.787163388
    7.000000000    10.000000000    26.165583934
    8.000000000    10.000000000    24.684166965
    9.000000000    10.000000000    23.339973647
   10.000000000    10.000000000    22.127813954
   11.000000000    10.000000000    21.041270634
   12.000000000    10.000000000    20.073447638
   13.000000000    10.000000000    19.217485513
   14.000000000    10.000000000    18.466896463
   15.000000000    10.000000000    17.815768531
   16.000000000    10.000000000    17.258879757
   17.000000000    10.000000000    16.791753572
   18.000000000    10.000000000    16.410678150
   19.000000000    10.000000000    16.112705561
   20.000000000    10.000000000    15.895641297
   21.000000000    10.000000000    15.758030901
   22.000000000    10.000000000    15.699147458
   23.000000000    10.000000000    15.718981472
   24.000000000    10.000000000    15.818232603
   25.000000000    10.000000000    15.998300731
   26.000000000    10.000000000    16.261271398
   27.000000000    10.000000000    16.609887661
   28.000000000    10.000000000    17.047496393
   29.000000000    10.000000000    17.577951837
   30.000000000    10.000000000    18.205452844
   31.000000000    10.000000000    18.934282996
   32.000000000    10.000000000    19.768416393
   33.000000000    10.000000000    20.710949441
   34.000000000    10.000000000    21.763326654
   35.000000000    10.000000000    22.924355815
   36.000000000    10.000000000    24.189066600
   37.000000000    10.000000000    25.547565663
   38.000000000    10.000000000    26.984171767
   39.000000000    10.000000000    28.477229822
   40.000000000    10.000000000    30.000000000

    0.000000000    11.000000000    40.000000000
    1.000000000    11.000000000    37.946685512
    2.000000000    11.000000000    35.923647423
    3.000000000    11.000000000    33.958643713
    4.000000000    11.000000000    32.074992098
    5.000000000    11.000000000    30.290559173
    6.000000000    11.000000000    28.617637451
    7.000000000    11.000000000    27.063473383
    8.000000000    11.000000000    25.631152490
    9.000000000    11.000000000    24.320593801
   10.000000000    11.000000000    23.129489750
   11.000000000    11.000000000    22.054106930
   12.000000000    11.000000000    21.089920543
   13.000000000    11.000000000    20.232089623
   14.000000000    11.000000000    19.475796428
   15.000000000    11.000000000    18.816478325
   16.000000000    11.000000000    18.249979130
   17.000000000    11.000000000    17.772642820
   18.000000000    11.000000000    17.381367653
   19.000000000    11.000000000    17.073634260
   20.000000000    11.000000000    16.847517319
   21.000000000    11.000000000    16.701687248
   22.000000000    11.000000000    16.635405767
   23.000000000    11.000000000    16.648516971
   24.000000000    11.000000000    16.741433567
   25.000000000    11.000000000    16.915115958
   26.000000000    11.000000000    17.171039642
   27.000000000    11.000000000    17.511143880
   28.000000000    11.000000000    17.937751527
   29.000000000    11.000000000    18.453446486
   30.000000000    11.000000000    19.060891558
   31.000000000    11.000000000    19.762566395
   32.000000000    11.000000000    20.560404252
   33.000000000    11.000000000    21.455309908
   34.000000000    11.000000000    22.446553364
   35.000000000    11.000000000    23.531059637
   36.000000000    11.000000000    24.702658003
   37.000000000    11.000000000    25.951413549
   38.000000000    11.000000000    27.263226791
   39.000000000    11.000000000    28.619921737
   40.000000000    11.000000000    30.000000000

    0.000000000    12.000000000    40.000000000
    1.000000000    12.000000000    38.093512252
    2.000000000    12.000000000    36.211335687
    3.000000000    12.000000000    34.376116384
    4.000000000    12.000000000    32.607499122
    5.000000000    12.000000000    30.921319744
    6.000000000    12.000000000    29.329353860
    7.000000000    12.000000000    27.839519659
    8.000000000    12.000000000    26.456375811
    9.000000000    12.000000000    25.181759318
   10.000000000    12.000000000    24.015444317
   11.000000000    12.000000000    22.955746792
   12.000000000    12.000000000    22.000037981
   13.000000000    12.000000000    21.145156008
   14.000000000    12.000000000    20.387721304
   15.000000000    12.000000000    19.724369209
   16.000000000    12.000000000    19.151915621
   17.000000000    12.000000000    18.667470926
   18.000000000    12.000000000    18.268515380
   19.000000000    12.000000000    17.952946509
   20.000000000    12.000000000    17.719106473
   21.000000000    12.000000000    17.565795006
   22.000000000    12.000000000    17.492271393
   23.000000000    12.000000000    17.498247078
   24.000000000    12.000000000    17.583868737
   25.000000000    12.000000000    17.749689891
   26.000000000    12.000000000    17.996627334
   27.000000000    12.000000000    18.325896690
   28.000000000    12.000000000    18.738919349
   29.000000000    12.000000000    19.237191024
   30.000000000    12.000000000    19.822100510
   31.000000000    12.000000000    20.494686773
   32.000000000    12.000000000    21.255324312
   33.000000000    12.000000000    22.103332574
   34.000000000    12.000000000    23.036517259
   35.000000000    12.000000000    24.050671365
   36.000000000    12.000000000    25.139092226
   37.000000000    12.000000000    26.292203739
   38.000000000    12.000000000    27.497400113
   39.000000000    12.000000000    28.739230333
   40.000000000    12.000000000    30.000000000

    0.000000000    13.000000000    40.000000000
    1.000000000    13.000000000    38.216027809
    2.000000000    13.000000000    36.452066690
    3.000000000    13.000000000    34.726987013
    4.000000000    13.000000000    33.057568264
    5.000000000    13.000000000    31.457866822
    6.000000000    13.000000000    29.938938584
    7.000000000    13.000000000    28.508875582
    8.000000000    13.000000000    27.173071779
    9.000000000    13.000000000    25.934623343
   10.000000000    13.000000000    24.794781406
   11.000000000    13.000000000    23.753397940
   12.000000000    13.000000000    22.809328582
   13.000000000    13.000000000    21.960775126
   14.000000000    13.000000000    21.205563570
   15.000000000    13.000000000    20.541361587
   16.000000000    13.000000000    19.965843219
   17.000000000    13.000000000    19.476809882
   18.000000000    13.000000000    19.072276434
   19.000000000    13.000000000    18.750529922
   20.000000000    13.000000000    18.510167057
   21.000000000    13.000000000    18.350114911
   22.000000000    13.000000000    18.269637721
   23.000000000    13.000000000    18.268331211
   24.000000000    13.000000000    18.346104411
   25.000000000    13.000000000    18.503147535
   26.000000000    13.000000000    18.739883115
   27.000000000    13.000000000    19.056896196
   28.000000000    13.000000000    19.454838156
   29.000000000    13.000000000    19.934297752
   30.000000000    13.000000000    20.495632683
   31.000000000    13.000000000    21.138755877
   32.000000000    13.000000000    21.862873649
   33.000000000    13.000000000    22.666178817
   34.000000000    13.000000000    23.545511732
   35.000000000    13.000000000    24.496016340
   36.000000000    13.000000000    25.510835795
   37.000000000    13.000000000    26.580909068
   38.000000000    13.000000000    27.694939590
   39.000000000    13.000000000    28.839599481
   40.000000000    13.000000000    30.000000000

    0.000000000    14.000000000    40.000000000
    1.000000000    14.000000000    38.318532295
    2.000000000    14.000000000    36.653916252
    3.000000000    14.000000000    35.022196713
    4.000000000    14.000000000    33.437920100
    5.000000000    14.000000000    31.913640694
    6.000000000    14.000000000    30.459658074
    7.000000000    14.000000000    29.083972306
    8.000000000    14.000000000    27.792412379
    9.000000000    14.000000000    26.588880871
   10.000000000    14.000000000    25.475660026
   11.000000000    14.000000000    24.453734979
   12.000000000    14.000000000    23.523103282
   13.000000000    14.000000000    22.683052345
   14.000000000    14.000000000    21.932396263
   15.000000000    14.000000000    21.269670349
   16.000000000    14.000000000    20.693285788
   17.000000000    14.000000000    20.201648948
   18.000000000    14.000000000    19.793250554
   19.000000000    14.000000000    19.466729688
   20.000000000    14.000000000    19.220916922
   21.000000000    14.000000000    19.054859861
   22.000000000    14.000000000    18.967833369
   23.000000000    14.000000000    18.959335636
   24.000000000    14.000000000    19.029070162
   25.000000000    14.000000000    19.176912724
   26.000000000    14.000000000    19.402861396
   27.000000000    14.000000000    19.706966823
   28.000000000    14.000000000    20.089239326
   29.000000000    14.000000000    20.549529145
   30.000000000    14.000000000    21.087376594
   31.000000000    14.000000000    21.701830402
   32.000000000    14.000000000    22.391235589
   33.000000000    14.000000000    23.152997315
   34.000000000    14.000000000    23.983334512
   35.000000000    14.000000000    24.877046469
   36.000000000    14.000000000    25.827325547
   37.000000000    14.000000000    26.825657148
   38.000000000    14.000000000    27.861849698
   39.000000000    14.000000000    28.924228001
   40.000000000    14.000000000    30.000000000

    0.000000000    15.000000000    40.000000000
    1.000000000    15.000000000    38.404185120
    2.000000000    15.000000000    36.822869308
    3.000000000    15.000000000    35.269963488
    4.000000000    15.000000000    33.758274730
    5.000000000    15.000000000    32.299117780
    6.000000000    15.000000000    30.902080713
    7.000000000    15.000000000    29.574943191
    8.000000000    15.000000000    28.323724559
    9.000000000    15.000000000    27.152827736
   10.000000000    15.000000000    26.065242847
   11.000000000    15.000000000    25.062778668
   12.000000000    15.000000000    24.146297225
   13.000000000    15.000000000    23.315934708
   14.000000000    15.000000000    22.571298788
   15.000000000    15.000000000    21.911637760
   16.000000000    15.000000000    21.335980635
   17.000000000    15.000000000    20.843249571
   18.000000000    15.000000000    20.432347144
   19.000000000    15.000000000    20.102221356
   20.000000000    15.000000000    19.851911084
   21.000000000    15.000000000    19.680574241
   22.000000000    15.000000000    19.587500259
   23.000000000    15.000000000    19.572107803
   24.000000000    15.000000000    19.633927876
   25.000000000    15.000000000    19.772571803
   26.000000000    15.000000000    19.987682921
   27.000000000    15.000000000    20.278870376
   28.000000000    15.000000000    20.645623182
   29.000000000    15.000000000    21.087202909
   30.000000000    15.000000000    21.602514146
   31.000000000    15.000000000    22.189953549
   32.000000000    15.000000000    22.847240992
   33.000000000    15.000000000    23.571240342
   34.000000000    15.000000000    24.357782533
   35.000000000    15.000000000    25.201509478
   36.000000000    15.000000000    26.095762775
   37.000000000    15.000000000    27.032544278
   38.000000000    15.000000000    28.002574054
   39.000000000    15.000000000    28.995462825
   40.000000000    15.000000000    30.000000000

    0.000000000    16.000000000    40.000000000
    1.000000000    16.000000000    38.475338878
    2.000000000    16.000000000    36.963412371
    3.000000000    16.000000000    35.476513201
    4.000000000    16.000000000    34.026097551
    5.000000000    16.000000000    32.622474985
    6.000000000    16.000000000    31.274603805
    7.000000000    16.000000000    29.989995187
    8.000000000    16.000000000    28.774714930
    9.000000000    16.000000000    27.633462667
   10.000000000    16.000000000    26.569704959
   11.000000000    16.000000000    25.585839622
   12.000000000    16.000000000    24.683372240
   13.000000000    16.000000000    23.863090474
   14.000000000    16.000000000    23.125226423
   15.000000000    16.000000000    22.469601267
   16.000000000    16.000000000    21.895749422
   17.000000000    16.000000000    21.403021556
   18.000000000    16.000000000    20.990667097
   19.000000000    16.000000000    20.657897509
   20.000000000    16.000000000    20.403931817
   21.000000000    16.000000000    20.228025760
   22.000000000    16.000000000    20.129485625
   23.000000000    16.000000000    20.107667440
   24.000000000    16.000000000    20.161961738
   25.000000000    16.000000000    20.291763692
   26.000000000    16.000000000    20.496428110
   27.000000000    16.000000000    20.775208577
   28.000000000    16.000000000    21.127180117
   29.000000000    16.000000000    21.551145162
   30.000000000    16.000000000    22.045523532
   31.000000000    16.000000000    22.608228656
   32.000000000    16.000000000    23.236534488
   33.000000000    16.000000000    23.926940528
   34.000000000    16.000000000    24.675045799
   35.000000000    16.000000000    25.475446135
   36.000000000    16.000000000    26.321671797
   37.000000000    16.000000000    27.206183134
   38.000000000    16.000000000    28.120439418
   39.000000000    16.000000000    29.055049243
   40.000000000    16.000000000    30.000000000

    0.000000000    17.000000000    40.000000000
    1.000000000    17.000000000    38.533758019
    2.000000000    17.000000000    37.078928100
    3.000000000    17.000000000    35.646579392
    4.000000000    17.000000000    34.247127290
    5.000000000    17.000000000    32.890080804
    6.000000000    17.000000000    31.583864335
    7.000000000    17.000000000    30.335718822
    8.000000000    17.000000000    29.151677307
    9.000000000    17.000000000    28.036603044
   10.000000000    17.000000000    26.994274699
   11.000000000    17.000000000    26.027502621
   12.000000000    17.000000000    25.138261642
   13.000000000    17.000000000    24.327828525
   14.000000000    17.000000000    23.596915164
   15.000000000    17.000000000    22.945791465
   16.000000000    17.000000000    22.374394230
   17.000000000    17.000000000    21.882420134
   18.000000000    17.000000000    21.469402180
   19.000000000    17.000000000    21.134769766
   20.000000000    17.000000000    20.877892917
   21.000000000    17.000000000    20.698111357
   22.000000000    17.000000000    20.594749040
   23.000000000    17.000000000    20.567114596
   24.000000000    17.000000000    20.614487945
   25.000000000    17.000000000    20.736093117
   26.000000000    17.000000000    20.931057249
   27.000000000    17.000000000    21.198355706
   28.000000000    17.000000000    21.536743549
   29.000000000    17.000000000    21.944674091
   30.000000000    17.000000000    22.420206164
   31.000000000    17.000000000    22.960903055
   32.000000000    17.000000000    23.563727778
   33.000000000    17.000000000    24.224941484
   34.000000000    17.000000000    24.940014000
   35.000000000    17.000000000    25.703557465
   36.000000000    17.000000000    26.509295146
   37.000000000    17.000000000    27.350077042
   38.000000000    17.000000000    28.217951239
   39.000000000    17.000000000    29.104294729
   40.000000000    17.000000000    30.000000000

    0.000000000    18.000000000    40.000000000
    1.000000000    18.000000000    38.580765100
    2.000000000    18.000000000    37.171962616
    3.000000000    18.000000000    35.783748977
    4.000000000    18.000000000    34.425751414
    5.000000000    18.000000000    33.106856606
    6.000000000    18.000000000    31.835053911
    7.000000000    18.000000000    30.617338459
    8.000000000    18.000000000    29.459672432
    9.000000000    18.000000000    28.366997502
   10.000000000    18.000000000    27.343288174
   11.000000000    18.000000000    26.391634522
   12.000000000    18.000000000    25.514343181
   13.000000000    18.000000000    24.713046821
   14.000000000    18.000000000    23.988814241
   15.000000000    18.000000000    23.342255200
   16.000000000    18.000000000    22.773615901
   17.000000000    18.000000000    22.282862571
   18.000000000    18.000000000    21.869751723
   19.000000000    18.000000000    21.533886457
   20.000000000    18.000000000    21.274758728
   21.000000000    18.000000000    21.091777712
   22.000000000    18.000000000    20.984284581
   23.000000000    18.000000000    20.951553961
   24.000000000    18.000000000    20.992782328
   25.000000000    18.000000000    21.107063582
   26.000000000    18.000000000    21.293352065
   27.000000000    18.000000000    21.550413450
   28.000000000    18.000000000    21.876764283
   29.000000000    18.000000000    22.270601488
   30.000000000    18.000000000    22.729723980
   31.000000000    18.000000000    23.251449622
   32.000000000    18.000000000    23.832532084
   33.000000000    18.000000000    24.469083631
   34.000000000    18.000000000    25.156511252
   35.000000000    18.000000000    25.889474581
   36.000000000    18.000000000    26.661874279
   37.000000000    18.000000000    27.466878650
   38.000000000    18.000000000    28.296993769
   39.000000000    18.000000000    29.144178434
   40.000000000    18.000000000    30.000000000

    0.000000000    19.000000000    40.000000000
    1.000000000    19.000000000    38.617339766
    2.000000000    19.000000000    37.244408287
    3.000000000    19.000000000    35.890702486
    4.000000000    19.000000000    34.565272783
    5.000000000    19.000000000    33.276540294
    6.000000000    19.000000000    32.032156242
    7.000000000    19.000000000    30.838908673
    8.000000000    19.000000000    29.702676462
    9.000000000    19.000000000    28.628426359
   10.000000000    19.000000000    27.620245971
   11.000000000    19.000000000    26.681404113
   12.000000000    19.000000000    25.814429741
   13.000000000    19.000000000    25.021201337
   14.000000000    19.000000000    24.303039781
   15.000000000    19.000000000    23.660799194
   16.000000000    19.000000000    23.094951601
   17.000000000    19.000000000    22.605662528
   18.000000000    19.000000000    22.192855683
   19.000000000    19.000000000    21.856265614
   20.000000000    19.000000000    21.595477827
   21.000000000    19.000000000    21.409956182
   22.000000000    19.000000000    21.299057613
   23.000000000    19.000000000    21.262034339
   24.000000000    19.000000000    21.298023824
   25.000000000    19.000000000    21.406026820
   26.000000000    19.000000000    21.584873979
   27.000000000    19.000000000    21.833181746
   28.000000000    19.000000000    22.149298646
   29.000000000    19.000000000    22.531243598
   30.000000000    19.000000000    22.976638645
   31.000000000    19.000000000    23.482639368
   32.000000000    19.000000000    24.045867306
   33.000000000    19.000000000    24.662349703
   34.000000000    19.000000000    25.327472797
   35.000000000    19.000000000    26.035955327
   36.000000000    19.000000000    26.781848741
   37.000000000    19.000000000    27.558569510
   38.000000000    19.000000000    28.358966751
   39.000000000    19.000000000    29.175425239
   40.000000000    19.000000000    30.000000000

    0.000000000    20.000000000    40.000000000
    1.000000000    20.000000000    38.644185676
    2.000000000    20.000000000    37.297628281
    3.000000000    20.000000000    35.969379897
    4.000000000    20.000000000    34.668096937
    5.000000000    20.000000000    33.401875547
    6.000000000    20.000000000    32.178122092
    7.000000000    20.000000000    31.003463529
    8.000000000    20.000000000    29.883698382
    9.000000000    20.000000000    28.823785502
   10.000000000    20.000000000    27.827865240
   11.000000000    20.000000000    26.899306217
   12.000000000    20.000000000    26.040770334
   13.000000000    20.000000000    25.254289004
   14.000000000    20.000000000    24.541344351
   15.000000000    20.000000000    23.902950196
   16.000000000    20.000000000    23.339728781
   17.000000000    20.000000000    22.851980259
   18.000000000    20.000000000    22.439742868
   19.000000000    20.000000000    22.102842488
   20.000000000    20.000000000    21.840930784
   21.000000000    20.000000000    21.653511578
   22.000000000    20.000000000    21.539955351
   23.000000000    20.000000000    21.499501958
   24.000000000    20.000000000    21.531251809
   25.000000000    20.000000000    21.634145897
   26.000000000    20.000000000    21.806935285
   27.000000000    20.000000000    22.048140909
   28.000000000    20.000000000    22.356004956
   29.000000000    20.000000000    22.728435615
   30.000000000    20.000000000    23.162947635
   31.000000000    20.000000000    23.656601901
   32.000000000    20.000000000    24.205948069
   33.000000000    20.000000000    24.806975078
   34.000000000    20.000000000    25.455074907
   35.000000000    20.000000000    26.145025187
   36.000000000    20.000000000    26.870995848
   37.000000000    20.000000000    27.626583898
   38.000000000    20.000000000    28.404878488
   39.000000000    20.000000000    29.198555770
   40.000000000    20.000000000    30.000000000

    0.000000000    21.000000000    40.000000000
    1.000000000    21.000000000    38.661774656
    2.000000000    21.000000000    37.332539265
    3.000000000    21.000000000    36.021091883
    4.000000000    21.000000000    34.735859520
    5.000000000    21.000000000    33.484742866
    6.000000000    21.000000000    32.274993050
    7.000000000    21.000000000    31.113124968
    8.000000000    21.000000000    30.004868037
    9.000000000    21.000000000    28.955152025
   10.000000000    21.000000000    27.968123271
   11.000000000    21.000000000    27.047185183
   12.000000000    21.000000000    26.195056375
   13.000000000    21.000000000    25.413839995
   14.000000000    21.000000000    24.705098425
   15.000000000    21.000000000    24.069928458
   16.000000000    21.000000000    23.509033070
   17.000000000    21.000000000    23.022786857
   18.000000000    21.000000000    22.611293043
   19.000000000    21.000000000    22.274430688
   20.000000000    21.000000000    22.011891243
   21.000000000    21.000000000    21.823203995
   22.000000000    21.000000000    21.707750254
   23.000000000    21.000000000    21.664766335
   24.000000000    21.000000000    21.693335557
   25.000000000    21.000000000    21.792369673
   26.000000000    21.000000000    21.960580357
   27.000000000    21.000000000    22.196441650
   28.000000000    21.000000000    22.498144654
   29.000000000    21.000000000    22.863546272
   30.000000000    21.000000000    23.290114381
   31.000000000    21.000000000    23.774872531
   32.000000000    21.000000000    24.314347993
   33.000000000    21.000000000    24.904527633
   34.000000000    21.000000000    25.540826567
   35.000000000    21.000000000    26.218074667
   36.000000000    21.000000000    26.930525566
   37.000000000    21.000000000    27.671891748
   38.000000000    21.000000000    28.435407531
   39.000000000    21.000000000    29.213919355
   40.000000000    21.000000000    30.000000000

    0.000000000    22.000000000    40.000000000
    1.000000000    22.000000000    38.670373682
    2.000000000    22.000000000    37.349662242
    3.000000000    22.000000000    36.046588851
    4.000000000    22.000000000    34.769506394
    5.000000000    22.000000000    33.526243347
    6.000000000    22.000000000    32.323982274
    7.000000000    22.000000000    31.169175258
    8.000000000    22.000000000    30.067496773
    9.000000000    22.000000000    29.023831291
   10.000000000    22.000000000    28.042290638
   11.000000000    22.000000000    27.126254868
   12.000000000    22.000000000    26.278429987
   13.000000000    22.000000000    25.500916177
   14.000000000    22.000000000    24.795280896
   15.000000000    22.000000000    24.162632140
   16.000000000    22.000000000    23.603688186
   17.000000000    22.000000000    23.118841058
   18.000000000    22.000000000    22.708211758
   19.000000000    22.000000000    22.371695979
   20.000000000    22.000000000    22.108999507
   21.000000000    22.000000000    21.919662905
   22.000000000    22.000000000    21.803075336
   23.000000000    22.000000000    21.758477573
   24.000000000    22.000000000    21.784954411
   25.000000000    22.000000000    21.881416880
   26.000000000    22.000000000    22.046574822
   27.000000000    22.000000000    22.278900681
   28.000000000    22.000000000    22.576585739
   29.000000000    22.000000000    22.937490438
   30.000000000    22.000000000    23.359091085
   31.000000000    22.000000000    23.838425849
   32.000000000    22.000000000    24.372043740
   33.000000000    22.000000000    24.955960894
   34.000000000    22.000000000    25.585629061
   35.000000000    22.000000000    26.255921349
   36.000000000    22.000000000    26.961140002
   37.000000000    22.000000000    27.695049995
   38.000000000    22.000000000    28.450940532
   39.000000000    22.000000000    29.221714119
   40.000000000    22.000000000    30.000000000

    0.000000000    23.000000000    40.000000000
    1.000000000    23.000000000    38.670057831
    2.000000000    23.000000000    37.349147169
    3.000000000    23.000000000    36.046094884
    4.000000000    23.000000000    34.769333859
    5.000000000    23.000000000    33.526741856
    6.000000000    23.000000000    32.325517441
    7.000000000    23.000000000    31.172097015
    8.000000000    23.000000000    30.072112508
    9.000000000    23.000000000    29.030385727
   10.000000000    23.000000000    28.050953122
   11.000000000    23.000000000    27.137113666
   12.000000000    23.000000000    26.291492527
   13.000000000    23.000000000    25.516113831
   14.000000000    23.000000000    24.812476844
   15.000000000    23.000000000    24.181631020
   16.000000000    23.000000000    23.624246475
   17.000000000    23.000000000    23.140677430
   18.000000000    23.000000000    22.731016954
   19.000000000    23.000000000    22.395141964
   20.000000000    23.000000000    22.132747900
   21.000000000    23.000000000    21.943372782
   22.000000000    23.000000000    21.826410615
   23.000000000    23.000000000    21.781114209
   24.000000000    23.000000000    21.806587634
   25.000000000    23.000000000    21.901768617
   26.000000000    23.000000000    22.065401368
   27.000000000    23.000000000    22.296000514
   28.000000000    23.000000000    22.591807182
   29.000000000    23.000000000    22.950738658
   30.000000000    23.000000000    23.370333671
   31.000000000    23.000000000    23.847696041
   32.000000000    23.000000000    24.379440223
   33.000000000    23.000000000    24.961643142
   34.000000000    23.000000000    25.589807433
   35.000000000    23.000000000    26.258841667
   36.000000000    23.000000000    26.963063099
   37.000000000    23.000000000    27.696227698
   38.000000000    23.000000000    28.451590485
   39.000000000    23.000000000    29.221996590
   40.000000000    23.000000000    30.000000000

    0.000000000    24.000000000    40.000000000
    1.000000000    24.000000000    38.660710472
    2.000000000    24.000000000    37.330773720
    3.000000000    24.000000000    36.019309658
    4.000000000    24.000000000    34.734992301
    5.000000000    24.000000000    33.485872777
    6.000000000    24.000000000    32.279248618
    7.000000000    24.000000000    31.121582856
    8.000000000    24.000000000    30.018470517
    9.000000000    24.000000000    28.974645987
   10.000000000    24.000000000    27.994022456
   11.000000000    24.000000000    27.079754149
   12.000000000    24.000000000    26.234312625
   13.000000000    24.000000000    25.459569776
   14.000000000    24.000000000    24.756881630
   15.000000000    24.000000000    24.127168622
   16.000000000    24.000000000    23.570989266
   17.000000000    24.000000000    23.088605235
   18.000000000    24.000000000    22.680036662
   19.000000000    24.000000000    22.345107025
   20.000000000    24.000000000    22.083477348
   21.000000000    24.000000000    21.894669710
   22.000000000    24.000000000    21.778080132
   23.000000000    24.000000000    21.732981014
   24.000000000    24.000000000    21.758513298
   25.000000000    24.000000000    21.853668588
   26.000000000    24.000000000    22.017261519
   27.000000000    24.000000000    22.247892827
   28.000000000    24.000000000    22.543903819
   29.000000000    24.000000000    22.903323340
   30.000000000    24.000000000    23.323808902
   31.000000000    24.000000000    23.802584422
   32.000000000    24.000000000    24.336377970
   33.000000000    24.000000000    24.921364018
   34.000000000    24.000000000    25.553115862
   35.000000000    24.000000000    26.226574786
   36.000000000    24.000000000    26.936043031
   37.000000000    24.000000000    27.675207212
   38.000000000    24.000000000    28.437197119
   39.000000000    24.000000000    29.214681756
   40.000000000    24.000000000    30.000000000

    0.000000000    25.000000000    40.000000000
    1.000000000    25.000000000    38.642010339
    2.000000000    25.000000000    37.293927579
    3.000000000    25.000000000    35.965377726
    4.000000000    25.000000000    34.665452912
    5.000000000    25.000000000    33.402508332
    6.000000000    25.000000000    32.184021399
    7.000000000    25.000000000    31.016515272
    8.000000000    25.000000000    29.905540718
    9.000000000    25.000000000    28.855705247
   10.000000000    25.000000000    27.870736569
   11.000000000    25.000000000    26.953567848
   12.000000000    25.000000000    26.106434049
   13.000000000    25.000000000    25.330971017
   14.000000000    25.000000000    24.628311277
   15.000000000    25.000000000    23.999172574
   16.000000000    25.000000000    23.443936732
   17.000000000    25.000000000    22.962717581
   18.000000000    25.000000000    22.555417437
   19.000000000    25.000000000    22.221772125
   20.000000000    25.000000000    21.961384758
   21.000000000    25.000000000    21.773748578
   22.000000000    25.000000000    21.658259190
   23.000000000    25.000000000    21.614216418
   24.000000000    25.000000000    21.640815958
   25.000000000    25.000000000    21.737130920
   26.000000000    25.000000000    21.902083293
   27.000000000    25.000000000    22.134405455
   28.000000000    25.000000000    22.432591928
   29.000000000    25.000000000    22.794841982
   30.000000000    25.000000000    23.218994173
   31.000000000    25.000000000    23.702454777
   32.000000000    25.000000000    24.242123216
   33.000000000    25.000000000    24.834319098
   34.000000000    25.000000000    25.474717213
   35.000000000    25.000000000    26.158298583
   36.000000000    25.000000000    26.879327028
   37.000000000    25.000000000    27.631360999
   38.000000000    25.000000000    28.407309022
   39.000000000    25.000000000    29.199533316
   40.000000000    25.000000000    30.000000000

    0.000000000    26.000000000    40.000000000
    1.000000000    26.000000000    38.613403303
    2.000000000    26.000000000    37.237548534
    3.000000000    26.000000000    35.882820755
    4.000000000    26.000000000    34.558933288
    5.000000000    26.000000000    33.274686241
    6.000000000    26.000000000    32.037813374
    7.000000000    26.000000000    30.854916116
    8.000000000    26.000000000    29.731471837
    9.000000000    26.000000000    28.671897716
   10.000000000    26.000000000    27.679650724
   11.000000000    26.000000000    26.757346625
   12.000000000    26.000000000    25.906884708
   13.000000000    26.000000000    25.129568967
   14.000000000    26.000000000    24.426219888
   15.000000000    26.000000000    23.797273663
   16.000000000    26.000000000    23.242867509
   17.000000000    26.000000000    22.762910922
   18.000000000    26.000000000    22.357143380
   19.000000000    26.000000000    22.025179282
   20.000000000    26.000000000    21.766540980
   21.000000000    26.000000000    21.580680654
   22.000000000    26.000000000    21.466991633
   23.000000000    26.000000000    21.424809509
   24.000000000    26.000000000    21.453403198
   25.000000000    26.000000000    21.551955838
   26.000000000    26.000000000    21.719535281
   27.000000000    26.000000000    21.955053772
   28.000000000    26.000000000    22.257216456
   29.000000000    26.000000000    22.624458486
   30.000000000    26.000000000    23.054871033
   31.000000000    26.000000000    23.546117298
   32.000000000    26.000000000    24.095341020
   33.000000000    26.000000000    24.699071947
   34.000000000    26.000000000    25.353135308
   35.000000000    26.000000000    26.052575306
   36.000000000    26.000000000    26.791605499
   37.000000000    26.000000000    27.563600734
   38.000000000    26.000000000    28.361144656
   39.000000000    26.000000000    29.176142486
   40.000000000    26.000000000    30.000000000

    0.000000000    27.000000000    40.000000000
    1.000000000    27.000000000    38.574054340
    2.000000000    27.000000000    37.160042498
    3.000000000    27.000000000    35.769423470
    4.000000000    27.000000000    34.412773247
    5.000000000    27.000000000    33.099489970
    6.000000000    27.000000000    31.837629741
    7.000000000    27.000000000    30.633863982
    8.000000000    27.000000000    29.493532799
    9.000000000    27.000000000    28.420763055
   10.000000000    27.000000000    27.418621987
   11.000000000    27.000000000    26.489283220
   12.000000000    27.000000000    25.634189191
   13.000000000    27.000000000    24.854200256
   14.000000000    27.000000000    24.149725645
   15.000000000    27.000000000    23.520834684
   16.000000000    27.000000000    22.967348720
   17.000000000    27.000000000    22.488915217
   18.000000000    27.000000000    22.085065878
   19.000000000    27.000000000    21.755260645
   20.000000000    27.000000000    21.498919227
   21.000000000    27.000000000    21.315441426
   22.000000000    27.000000000    21.204217177
   23.000000000    27.000000000    21.164626790
   24.000000000    27.000000000    21.196031488
   25.000000000    27.000000000    21.297753956
   26.000000000    27.000000000    21.469048219
   27.000000000    27.000000000    21.709057898
   28.000000000    27.000000000    22.016761638
   29.000000000    27.000000000    22.390904473
   30.000000000    27.000000000    22.829914176
   31.000000000    27.000000000    23.331802362
   32.000000000    27.000000000    23.894051618
   33.000000000    27.000000000    24.513492361
   34.000000000    27.000000000    25.186176768
   35.000000000    27.000000000    25.907261834
   36.000000000    27.000000000    26.670918929
   37.000000000    27.000000000    27.470291782
   38.000000000    27.000000000    28.297526381
   39.000000000    27.000000000    29.143891971
   40.000000000    27.000000000    30.000000000

    0.000000000    28.000000000    40.000000000
    1.000000000    28.000000000    38.522771557
    2.000000000    28.000000000    37.059143650
    3.000000000    28.000000000    35.622057382
    4.000000000    28.000000000    34.223246258
    5.000000000    28.000000000    32.872870651
    6.000000000    28.000000000    31.579351637
    7.000000000    28.000000000    30.349377274
    8.000000000    28.000000000    29.188032320
    9.000000000    28.000000000    28.098999720
   10.000000000    28.000000000    27.084790948
   11.000000000    28.000000000    26.146975079
   12.000000000    28.000000000    25.286388581
   13.000000000    28.000000000    24.503317223
   14.000000000    28.000000000    23.797647753
   15.000000000    28.000000000    23.168990706
   16.000000000    28.000000000    22.616777469
   17.000000000    28.000000000    22.140335351
   18.000000000    28.000000000    21.738944271
   19.000000000    28.000000000    21.411878194
   20.000000000    28.000000000    21.158433857
   21.000000000    28.000000000    20.977948647
   22.000000000    28.000000000    20.869808862
   23.000000000    28.000000000    20.833448985
   24.000000000    28.000000000    20.868342009
   25.000000000    28.000000000    20.973980278
   26.000000000    28.000000000    21.149845741
   27.000000000    28.000000000    21.395367965
   28.000000000    28.000000000    21.709867726
   29.000000000    28.000000000    22.092483593
   30.000000000    28.000000000    22.542078836
   31.000000000    28.000000000    23.057126358
   32.000000000    28.000000000    23.635570730
   33.000000000    28.000000000    24.274669110
   34.000000000    28.000000000    24.970817568
   35.000000000    28.000000000    25.719376334
   36.000000000    28.000000000    26.514516601
   37.000000000    28.000000000    27.349121084
   38.000000000    28.000000000    28.214777115
   39.000000000    28.000000000    29.101899019
   40.000000000    28.000000000    30.000000000

    0.000000000    29.000000000    40.000000000
    1.000000000    29.000000000    38.457888240
    2.000000000    29.000000000    36.931703163
    3.000000000    29.000000000    35.436416148
    4.000000000    29.000000000    33.985283755
    5.000000000    29.000000000    32.589394738
    6.000000000    29.000000000    31.257528881
    7.000000000    29.000000000    29.996261158
    8.000000000    29.000000000    28.810219488
    9.000000000    29.000000000    27.702412555
   10.000000000    29.000000000    26.674567008
   11.000000000    29.000000000    25.727437567
   12.000000000    29.000000000    24.861072831
   13.000000000    29.000000000    24.075032300
   14.000000000    29.000000000    23.368557440
   15.000000000    29.000000000    22.740702921
   16.000000000    29.000000000    22.190435098
   17.000000000    29.000000000    21.716704447
   18.000000000    29.000000000    21.318497661
   19.000000000    29.000000000    20.994874003
   20.000000000    29.000000000    20.744989362
   21.000000000    29.000000000    20.568110444
   22.000000000    29.000000000    20.463620638
   23.000000000    29.000000000    20.431018279
   24.000000000    29.000000000    20.469907287
   25.000000000    29.000000000    20.579979408
   26.000000000    29.000000000    20.760986501
   27.000000000    29.000000000    21.012700496
   28.000000000    29.000000000    21.334857707
   29.000000000    29.000000000    21.727083338
   30.000000000    29.000000000    22.188791216
   31.000000000    29.000000000    22.719053503
   32.000000000    29.000000000    23.316435833
   33.000000000    29.000000000    23.978795783
   34.000000000    29.000000000    24.703048061
   35.000000000    29.000000000    25.484909334
   36.000000000    29.000000000    26.318650057
   37.000000000    29.000000000    27.196898838
   38.000000000    29.000000000    28.110561976
   39.000000000    29.000000000    29.048926990
   40.000000000    29.000000000    30.000000000

    0.000000000    30.000000000    40.000000000
    1.000000000    30.000000000    38.377078238
    2.000000000    30.000000000    36.773364615
    3.000000000    30.000000000    35.206620291
    4.000000000    30.000000000    33.692077876
    5.000000000    30.000000000    32.241895665
    6.000000000    30.000000000    30.865107993
    7.000000000    30.000000000    29.567918989
    8.000000000    30.000000000    28.354171918
    9.000000000    30.000000000    27.225864007
   10.000000000    30.000000000    26.183626960
   11.000000000    30.000000000    25.227135351
   12.000000000    30.000000000    24.355432876
   13.000000000    30.000000000    23.567181707
   14.000000000    30.000000000    22.860846787
   15.000000000    30.000000000    22.234828438
   16.000000000    30.000000000    21.687555557
   17.000000000    30.000000000    21.217549679
   18.000000000    30.000000000    20.823467923
   19.000000000    30.000000000    20.504130796
   20.000000000    30.000000000    20.258539144
   21.000000000    30.000000000    20.085883130
   22.000000000    30.000000000    19.985544967
   23.000000000    30.000000000    19.957096206
   24.000000000    30.000000000    20.000289453
   25.000000000    30.000000000    20.115043564
   26.000000000    30.000000000    20.301420362
   27.000000000    30.000000000    20.559589811
   28.000000000    30.000000000    20.889779268
   29.000000000    30.000000000    21.292200837
   30.000000000    30.000000000    21.766949188
   31.000000000    30.000000000    22.313860608
   32.000000000    30.000000000    22.932323316
   33.000000000    30.000000000    23.621030128
   34.000000000    30.000000000    24.377669561
   35.000000000    30.000000000    25.198562882
   36.000000000    30.000000000    26.078275455
   37.000000000    30.000000000    27.009262234
   38.000000000    30.000000000    27.981644964
   39.000000000    30.000000000    28.983246963
   40.000000000    30.000000000    30.000000000

    0.000000000    31.000000000    40.000000000
    1.000000000    31.000000000    38.277060096
    2.000000000    31.000000000    36.578056769
    3.000000000    31.000000000    34.924622527
    4.000000000    31.000000000    33.334511792
    5.000000000    31.000000000    31.821002053
    6.000000000    31.000000000    30.393088437
    7.000000000    31.000000000    29.056134887
    8.000000000    31.000000000    27.812685189
    9.000000000    31.000000000    26.663244596
   10.000000000    31.000000000    25.606941475
   11.000000000    31.000000000    24.642044001
   12.000000000    31.000000000    23.766341617
   13.000000000    31.000000000    22.977414863
   14.000000000    31.000000000    22.272819565
   15.000000000    31.000000000    21.650208489
   16.000000000    31.000000000    21.107409011
   17.000000000    31.000000000    20.642470790
   18.000000000    31.000000000    20.253693558
   19.000000000    31.000000000    19.939642114
   20.000000000    31.000000000    19.699153290
   21.000000000    31.000000000    19.531337964
   22.000000000    31.000000000    19.435579897
   23.000000000    31.000000000    19.411532125
   24.000000000    31.000000000    19.459110754
   25.000000000    31.000000000    19.578485036
   26.000000000    31.000000000    19.770061572
   27.000000000    31.000000000    20.034459118
   28.000000000    31.000000000    20.372468716
   29.000000000    31.000000000    20.784991557
   30.000000000    31.000000000    21.272944090
   31.000000000    31.000000000    21.837116425
   32.000000000    31.000000000    22.477966695
   33.000000000    31.000000000    23.195331851
   34.000000000    31.000000000    23.988037173
   35.000000000    31.000000000    24.853397179
   36.000000000    31.000000000    25.786626649
   37.000000000    31.000000000    26.780229679
   38.000000000    31.000000000    27.823508682
   39.000000000    31.000000000    28.902415898
   40.000000000    31.000000000    30.000000000

    0.000000000    32.000000000    40.000000000
    1.000000000    32.000000000    38.153105378
    2.000000000    32.000000000    36.337179838
    3.000000000    32.000000000    34.579301257
    4.000000000    32.000000000    32.900344711
    5.000000000    32.000000000    31.314512317
    6.000000000    32.000000000    29.830108817
    7.000000000    32.000000000    28.450846933
    8.000000000    32.000000000    27.177189356
    9.000000000    32.000000000    26.007487713
   10.000000000    32.000000000    24.938850342
   11.000000000    32.000000000    23.967757562
   12.000000000    32.000000000    23.090474728
   13.000000000    32.000000000    22.303316565
   14.000000000    32.000000000    21.602808121
   15.000000000    32.000000000    20.985776942
   16.000000000    32.000000000    20.449401211
   17.000000000    32.000000000    19.991230913
   18.000000000    32.000000000    19.609193405
   19.000000000    32.000000000    19.301590812
   20.000000000    32.000000000    19.067093937
   21.000000000    32.000000000    18.904735541
   22.000000000    32.000000000    18.813904531
   23.000000000    32.000000000    18.794341645
   24.000000000    32.000000000    18.846136403
   25.000000000    32.000000000    18.969724253
   26.000000000    32.000000000    19.165881772
   27.000000000    32.000000000    19.435716376
   28.000000000    32.000000000    19.780644921
   29.000000000    32.000000000    20.202352585
   30.000000000    32.000000000    20.702719190
   31.000000000    32.000000000    21.283694308
   32.000000000    32.000000000    21.947095188
   33.000000000    32.000000000    22.694293408
   34.000000000    32.000000000    23.525750103
   35.000000000    32.000000000    24.440362011
   36.000000000    32.000000000    25.434604282
   37.000000000    32.000000000    26.501521150
   38.000000000    32.000000000    27.629744187
   39.000000000    32.000000000    28.802907947
   40.000000000    32.000000000    30.000000000

    0.000000000    33.000000000    40.000000000
    1.000000000    33.000000000    37.998181577
    2.000000000    33.000000000    36.038255950
    3.000000000    33.000000000    34.155057950
    4.000000000    33.000000000    32.373053479
    5.000000000    33.000000000    30.706593687
    6.000000000    33.000000000    29.161987580
    7.000000000    33.000000000    27.739954674
    8.000000000    33.000000000    26.437737588
    9.000000000    33.000000000    25.250666559
   10.000000000    33.000000000    24.173214620
   11.000000000    33.000000000    23.199661175
   12.000000000    33.000000000    22.324483170
   13.000000000    33.000000000    21.542568547
   14.000000000    33.000000000    20.849319412
   15.000000000    33.000000000    20.240689947
   16.000000000    33.000000000    19.713187977
   17.000000000    33.000000000    19.263858246
   18.000000000    33.000000000    18.890258339
   19.000000000    33.000000000    18.590433792
   20.000000000    33.000000000    18.362896104
   21.000000000    33.000000000    18.206605733
   22.000000000    33.000000000    18.120961044
   23.000000000    33.000000000    18.105793520
   24.000000000    33.000000000    18.161368960
   25.000000000    33.000000000    18.288393802
   26.000000000    33.000000000    18.488024887
   27.000000000    33.000000000    18.761879692
   28.000000000    33.000000000    19.112042006
   29.000000000    33.000000000    19.541054674
   30.000000000    33.000000000    20.051885776
   31.000000000    33.000000000    20.647846428
   32.000000000    33.000000000    21.332426341
   33.000000000    33.000000000    22.108996492
   34.000000000    33.000000000    22.980307820
   35.000000000    33.000000000    23.947696480
   36.000000000    33.000000000    25.009907318
   37.000000000    33.000000000    26.161506455
   38.000000000    33.000000000    27.391038967
   39.000000000    33.000000000    28.679471704
   40.000000000    33.000000000    30.000000000

    0.000000000    34.000000000    40.000000000
    1.000000000    34.000000000    37.801364980
    2.000000000    34.000000000    35.662604433
    3.000000000    34.000000000    33.629621117
    4.000000000    34.000000000    31.730217566
    5.000000000    34.000000000    29.976821374
    6.000000000    34.000000000    28.371293143
    7.000000000    34.000000000    26.909246595
    8.000000000    34.000000000    25.583139763
    9.000000000    34.000000000    24.384226316
   10.000000000    34.000000000    23.303680402
   11.000000000    34.000000000    22.333189351
   12.000000000    34.000000000    21.465228230
   13.000000000    34.000000000    20.693155040
   14.000000000    34.000000000    20.011211036
   15.000000000    34.000000000    19.414475457
   16.000000000    34.000000000    18.898802506
   17.000000000    34.000000000    18.460755753
   18.000000000    34.000000000    18.097547915
   19.000000000    34.000000000    17.806989914
   20.000000000    34.000000000    17.587450957
   21.000000000    34.000000000    17.437830243
   22.000000000    34.000000000    17.357540391
   23.000000000    34.000000000    17.346502431
   24.000000000    34.000000000    17.405152115
   25.000000000    34.000000000    17.534457110
   26.000000000    34.000000000    17.735944283
   27.000000000    34.000000000    18.011735501
   28.000000000    34.000000000    18.364588737
   29.000000000    34.000000000    18.797938330
   30.000000000    34.000000000    19.315922813
   31.000000000    34.000000000    19.923379290
   32.000000000    34.000000000    20.625767254
   33.000000000    34.000000000    21.428958399
   34.000000000    34.000000000    22.338788205
   35.000000000    34.000000000    23.360208773
   36.000000000    34.000000000    24.495822053
   37.000000000    34.000000000    25.743558385
   38.000000000    34.000000000    27.093433522
   39.000000000    34.000000000    28.523939902
   40.000000000    34.000000000    30.000000000

    0.000000000    35.000000000    40.000000000
    1.000000000    35.000000000    37.544673911
    2.000000000    35.000000000    35.181175684
    3.000000000    35.000000000    32.970604519
    4.000000000    35.000000000    30.941374296
    5.000000000    35.000000000    29.099181099
    6.000000000    35.000000000    27.437117022
    7.000000000    35.000000000    25.942598801
    8.000000000    35.000000000    24.601348551
    9.000000000    35.000000000    23.399418542
   10.000000000    35.000000000    22.324091323
   11.000000000    35.000000000    21.364187597
   12.000000000    35.000000000    20.510085358
   13.000000000    35.000000000    19.753612349
   14.000000000    35.000000000    19.087894235
   15.000000000    35.000000000    18.507198339
   16.000000000    35.000000000    18.006790836
   17.000000000    35.000000000    17.582814347
   18.000000000    35.000000000    17.232187654
   19.000000000    35.000000000    16.952526992
   20.000000000    35.000000000    16.742087565
   21.000000000    35.000000000    16.599723893
   22.000000000    35.000000000    16.524867847
   23.000000000    35.000000000    16.517523698
   24.000000000    35.000000000    16.578279960
   25.000000000    35.000000000    16.708338238
   26.000000000    35.000000000    16.909559636
   27.000000000    35.000000000    17.184529293
   28.000000000    35.000000000    17.536639111
   29.000000000    35.000000000    17.970187096
   30.000000000    35.000000000    18.490487858
   31.000000000    35.000000000    19.103980663
   32.000000000    35.000000000    19.818304989
   33.000000000    35.000000000    20.642281645
   34.000000000    35.000000000    21.585677827
   35.000000000    35.000000000    22.658528355
   36.000000000    35.000000000    23.869613738
   37.000000000    35.000000000    25.223471510
   38.000000000    35.000000000    26.715196836
   39.000000000    35.000000000    28.322854382
   40.000000000    35.000000000    30.000000000

    0.000000000    36.000000000    40.000000000
    1.000000000    36.000000000    37.196154980
    2.000000000    36.000000000    34.546819874
    3.000000000    36.000000000    32.130246978
    4.000000000    36.000000000    29.965493998
    5.000000000    36.000000000    28.041411706
    6.000000000    36.000000000    26.335395046
    7.000000000    36.000000000    24.822683034
    8.000000000    36.000000000    23.480237101
    9.000000000    36.000000000    22.288007976
   10.000000000    36.000000000    21.229078751
   11.000000000    36.000000000    20.289384357
   12.000000000    36.000000000    19.457313257
   13.000000000    36.000000000    18.723314763
   14.000000000    36.000000000    18.079555216
   15.000000000    36.000000000    17.519632828
   16.000000000    36.000000000    17.038348154
   17.000000000    36.000000000    16.631523146
   18.000000000    36.000000000    16.295861364
   19.000000000    36.000000000    16.028842834
   20.000000000    36.000000000    15.828648420
   21.000000000    36.000000000    15.694109918
   22.000000000    36.000000000    15.624683405
   23.000000000    36.000000000    15.620444556
   24.000000000    36.000000000    15.682105790
   25.000000000    36.000000000    15.811056247
   26.000000000    36.000000000    16.009426730
   27.000000000    36.000000000    16.280182923
   28.000000000    36.000000000    16.627251319
   29.000000000    36.000000000    17.055683085
   30.000000000    36.000000000    17.571860859
   31.000000000    36.000000000    18.183750516
   32.000000000    36.000000000    18.901190394
   33.000000000    36.000000000    19.736185364
   34.000000000    36.000000000    20.703113104
   35.000000000    36.000000000    21.818613083
   36.000000000    36.000000000    23.100633032
   37.000000000    36.000000000    24.565517080
   38.000000000    36.000000000    26.221027930
   39.000000000    36.000000000    28.052280789
   40.000000000    36.000000000    30.000000000

    0.000000000    37.000000000    40.000000000
    1.000000000    37.000000000    36.693126133
    2.000000000    37.000000000    33.679701855
    3.000000000    37.000000000    31.038069523
    4.000000000    37.000000000    28.748943013
    5.000000000    37.000000000    26.765576682
    6.000000000    37.000000000    25.040368420
    7.000000000    37.000000000    23.532501191
    8.000000000    37.000000000    22.208908842
    9.000000000    37.000000000    21.043297510
   10.000000000    37.000000000    20.014831349
   11.000000000    37.000000000    19.106957822
   12.000000000    37.000000000    18.306468550
   13.000000000    37.000000000    17.602778231
   14.000000000    37.000000000    16.987379038
   15.000000000    37.000000000    16.453429604
   16.000000000    37.000000000    15.995445805
   17.000000000    37.000000000    15.609068719
   18.000000000    37.000000000    15.290891821
   19.000000000    37.000000000    15.038334561
   20.000000000    37.000000000    14.849553362
   21.000000000    37.000000000    14.723383953
   22.000000000    37.000000000    14.659311301
   23.000000000    37.000000000    14.657465331
   24.000000000    37.000000000    14.718642396
   25.000000000    37.000000000    14.844354230
   26.000000000    37.000000000    15.036908115
   27.000000000    37.000000000    15.299524350
   28.000000000    37.000000000    15.636500156
   29.000000000    37.000000000    16.053433068
   30.000000000    37.000000000    16.557521977
   31.000000000    37.000000000    17.157970150
   32.000000000    37.000000000    17.866520705
   33.000000000    37.000000000    18.698156316
   34.000000000    37.000000000    19.671976140
   35.000000000    37.000000000    20.812177841
   36.000000000    37.000000000    22.148788228
   37.000000000    37.000000000    23.716935849
   38.000000000    37.000000000    25.551117014
   39.000000000    37.000000000    27.665240844
   40.000000000    37.000000000    30.000000000

    0.000000000    38.000000000    40.000000000
    1.000000000    38.000000000    35.896647698
    2.000000000    38.000000000    32.440791891
    3.000000000    38.000000000    29.593386244
    4.000000000    38.000000000    27.226631849
    5.000000000    38.000000000    25.231583588
    6.000000000    38.000000000    23.528000764
    7.000000000    38.000000000    22.058044465
    8.000000000    38.000000000    20.779599568
    9.000000000    38.000000000    19.661441874
   10.000000000    38.000000000    18.679991313
   11.000000000    38.000000000    17.817147034
   12.000000000    38.000000000    17.058824890
   13.000000000    38.000000000    16.393950573
   14.000000000    38.000000000    15.813753102
   15.000000000    38.000000000    15.311260746
   16.000000000    38.000000000    14.880936742
   17.000000000    38.000000000    14.518414107
   18.000000000    38.000000000    14.220302640
   19.000000000    38.000000000    13.984050228
   20.000000000    38.000000000    13.807846516
   21.000000000    38.000000000    13.690561232
   22.000000000    38.000000000    13.631712514
   23.000000000    38.000000000    13.631463072
   24.000000000    38.000000000    13.690644234
   25.000000000    38.000000000    13.810810164
   26.000000000    38.000000000    13.994327150
   27.000000000    38.000000000    14.244506207
   28.000000000    38.000000000    14.565791887
   29.000000000    38.000000000    14.964027055
   30.000000000    38.000000000    15.446823831
   31.000000000    38.000000000    16.024087401
   32.000000000    38.000000000    16.708765960
   33.000000000    38.000000000    17.517943056
   34.000000000    38.000000000    18.474457300
   35.000000000    38.000000000    19.609333914
   36.000000000    38.000000000    20.965406191
   37.000000000    38.000000000    22.602321073
   38.000000000    38.000000000    24.601263435
   39.000000000    38.000000000    27.057565571
   40.000000000    38.000000000    30.000000000

    0.000000000    39.000000000    40.000000000
    1.000000000    39.000000000    34.452672768
    2.000000000    39.000000000    30.593431767
    3.000000000    39.000000000    27.668051712
    4.000000000    39.000000000    25.332614553
    5.000000000    39.000000000    23.406125057
    6.000000000    39.000000000    21.782006581
    7.000000000    39.000000000    20.392076339
    8.000000000    39.000000000    19.190003092
    9.000000000    39.000000000    18.142879105
   10.000000000    39.000000000    17.226544994
   11.000000000    39.000000000    16.422814110
   12.000000000    39.000000000    15.717733404
   13.000000000    39.000000000    15.100446068
   14.000000000    39.000000000    14.562422052
   15.000000000    39.000000000    14.096923536
   16.000000000    39.000000000    13.698626313
   17.000000000    39.000000000    13.363348325
   18.000000000    39.000000000    13.087854404
   19.000000000    39.000000000    12.869717194
   20.000000000    39.000000000    12.707221242
   21.000000000    39.000000000    12.599301946
   22.000000000    39.000000000    12.545514452
   23.000000000    39.000000000    12.546030209
   24.000000000    39.000000000    12.601661304
   25.000000000    39.000000000    12.713915042
   26.000000000    39.000000000    12.885084116
   27.000000000    39.000000000    13.118381440
   28.000000000    39.000000000    13.418134129
   29.000000000    39.000000000    13.790059436
   30.000000000    39.000000000    14.241658890
   31.000000000    39.000000000    14.782789666
   32.000000000    39.000000000    15.426512677
   33.000000000    39.000000000    16.190392648
   34.000000000    39.000000000    17.098576088
   35.000000000    39.000000000    18.185294325
   36.000000000    39.000000000    19.501181549
   37.000000000    39.000000000    21.125678816
   38.000000000    39.000000000    23.194050083
   39.000000000    39.000000000    25.963758006
   40.000000000    39.000000000    30.000000000

    0.000000000    40.000000000     0.000000000
    1.000000000    40.000000000    31.320611607
    2.000000000    40.000000000    27.812210697
    3.000000000    40.000000000    25.152774283
    4.000000000    40.000000000    23.029649593
    5.000000000    40.000000000    21.278295506
    6.000000000    40.000000000    19.801824164
    7.000000000    40.000000000    18.538251217
    8.000000000    40.000000000    17.445457356
    9.000000000    40.000000000    16.493526459
   10.000000000    40.000000000    15.660495449
   11.000000000    40.000000000    14.929831009
   12.000000000    40.000000000    14.288848550
   13.000000000    40.000000000    13.727678244
   14.000000000    40.000000000    13.238565502
   15.000000000    40.000000000    12.815385032
   16.000000000    40.000000000    12.453296648
   17.000000000    40.000000000    12.148498477
   18.000000000    40.000000000    11.898049459
   19.000000000    40.000000000    11.699742904
   20.000000000    40.000000000    11.552019311
   21.000000000    40.000000000    11.453910860
   22.000000000    40.000000000    11.405013138
   23.000000000    40.000000000    11.405482008
   24.000000000    40.000000000    11.456055731
   25.000000000    40.000000000    11.558104583
   26.000000000    40.000000000    11.713712833
   27.000000000    40.000000000    11.925801309
   28.000000000    40.000000000    12.198303754
   29.000000000    40.000000000    12.536417669
   30.000000000    40.000000000    12.946962627
   31.000000000    40.000000000    13.438899696
   32.000000000    40.000000000    14.024102433
   33.000000000    40.000000000    14.718538771
   34.000000000    40.000000000    15.544160080
   35.000000000    40.000000000    16.532085750
   36.000000000    40.000000000    17.728346863
   37.000000000    40.000000000    19.205162560
   38.000000000    40.000000000    21.085500076
   39.000000000    40.000000000    23.603416369
   40.000000000    40.000000000     0.000000000
