
    0.000000000     0.000000000    40.000000000
    1.000000000     0.000000000    16.921701669
    2.000000000     0.000000000    12.514858291
    3.000000000     0.000000000     9.785278690
    4.000000000     0.000000000     7.932248178
    5.000000000     0.000000000     6.589454044
    6.000000000     0.000000000     5.569519042
    7.000000000     0.000000000     4.767601174
    8.000000000     0.000000000     4.120781037
    9.000000000     0.000000000     3.589178684
   10.000000000     0.000000000     3.146405159
   11.000000000     0.000000000     2.774386830
   12.000000000     0.000000000     2.460395521
   13.000000000     0.000000000     2.195262996
   14.000000000     0.000000000     1.972265700
   15.000000000     0.000000000     1.786406271
   16.000000000     0.000000000     1.633939314
   17.000000000     0.000000000     1.512052977
   18.000000000     0.000000000     1.418653330
   19.000000000     0.000000000     1.352219062
   20.000000000     0.000000000     1.311706336
   21.000000000     0.000000000     1.296491479
   22.000000000     0.000000000     1.306344454
   23.000000000     0.000000000     1.341430030
   24.000000000     0.000000000     1.402336978
   25.000000000     0.000000000     1.490139184
   26.000000000     0.000000000     1.606496896
   27.000000000     0.000000000     1.753812515
   28.000000000     0.000000000     1.935464737
   29.000000000     0.000000000     2.156160424
   30.000000000     0.000000000     2.422470257
   31.000000000     0.000000000     2.743662338
   32.000000000     0.000000000     3.133038731
   33.000000000     0.000000000     3.610160386
   34.000000000     0.000000000     4.204726474
   35.000000000     0.000000000     4.963733333
   36.000000000     0.000000000     5.965634406
   37.000000000     0.000000000     7.350797277
   38.000000000     0.000000000     9.393801353
   39.000000000     0.000000000    12.695035224
   40.000000000     0.000000000    30.000000000

    0.000000000     1.000000000    40.000000000
    1.000000000     1.000000000    27.074722671
    2.000000000     1.000000000    20.023773266
    3.000000000     1.000000000    15.656445904
    4.000000000     1.000000000    12.691597085
    5.000000000     1.000000000    10.543126470
    6.000000000     1.000000000     8.911230467
    7.000000000     1.000000000     7.628161878
    8.000000000     1.000000000     6.593249660
    9.000000000     1.000000000     5.742685894
   10.000000000     1.000000000     5.034248255
   11.000000000     1.000000000     4.439018927
   12.000000000     1.000000000     3.936632833
   13.000000000     1.000000000     3.512420794
   14.000000000     1.000000000     3.155625121
   15.000000000     1.000000000     2.858250033
   16.000000000     1.000000000     2.614302902
   17.000000000     1.000000000     2.419284763
   18.000000000     1.000000000     2.269845328
   19.000000000     1.000000000     2.163550499
   20.000000000     1.000000000     2.098730137
   21.000000000     1.000000000     2.074386366
   22.000000000     1.000000000     2.090151126
   23.000000000     1.000000000     2.146288047
   24.000000000     1.000000000     2.243739165
   25.000000000     1.000000000     2.384222694
   26.000000000     1.000000000     2.570395034
   27.000000000     1.000000000     2.806100024
   28.000000000     1.000000000     3.096743578
   29.000000000     1.000000000     3.449856678
   30.000000000     1.000000000     3.875952411
   31.000000000     1.000000000     4.389859740
   32.000000000     1.000000000     5.012861970
   33.000000000     1.000000000     5.776256618
   34.000000000     1.000000000     6.727562358
   35.000000000     1.000000000     7.941973333
   36.000000000     1.000000000     9.545015050
   37.000000000     1.000000000    11.761275643
   38.000000000     1.000000000    15.030082164
   39.000000000     1.000000000    20.312056358
   40.000000000     1.000000000    30.000000000

    0.000000000     2.000000000    40.000000000
    1.000000000     2.000000000    31.355374141
    2.000000000     2.000000000    24.852962642
    3.000000000     2.000000000    20.130928880
    4.000000000     2.000000000    16.642200896
    5.000000000     2.000000000    13.989619672
    6.000000000     2.000000000    11.915179946
    7.000000000     2.000000000    10.253195963
    8.000000000     2.000000000     8.895446748
    9.000000000     2.000000000     7.769465050
   10.000000000     2.000000000     6.825469763
   11.000000000     2.000000000     6.028446544
   12.000000000     2.000000000     5.353248307
   13.000000000     2.000000000     4.781489360
   14.000000000     2.000000000     4.299529142
   15.000000000     2.000000000     3.897135229
   16.000000000     2.000000000     3.566581219
   17.000000000     2.000000000     3.302030615
   18.000000000     2.000000000     3.099114118
   19.000000000     2.000000000     2.954641883
   20.000000000     2.000000000     2.866413684
   21.000000000     2.000000000     2.833103902
   22.000000000     2.000000000     2.854207977
   23.000000000     2.000000000     2.930044401
   24.000000000     2.000000000     3.061812768
   25.000000000     2.000000000     3.251715128
   26.000000000     2.000000000     3.503155886
   27.000000000     2.000000000     3.821046588
   28.000000000     2.000000000     4.212258324
   29.000000000     2.000000000     4.686290400
   30.000000000     2.000000000     5.256266341
   31.000000000     2.000000000     5.940440114
   32.000000000     2.000000000     6.764520001
   33.000000000     2.000000000     7.765337942
   34.000000000     2.000000000     8.996783891
   35.000000000     2.000000000    10.539601319
   36.000000000     2.000000000    12.517665270
   37.000000000     2.000000000    15.124118097
   38.000000000     2.000000000    18.656489746
   39.000000000     2.000000000    23.524761656
   40.000000000     2.000000000    30.000000000

    0.000000000     3.000000000    40.000000000
    1.000000000     3.000000000    33.496493747
    2.000000000     3.000000000    27.907111412
    3.000000000     3.000000000    23.380042791
    4.000000000     3.000000000    19.767113350
    5.000000000     3.000000000    16.870840654
    6.000000000     3.000000000    14.521830546
    7.000000000     3.000000000    12.591294807
    8.000000000     3.000000000    10.985158095
    9.000000000     3.000000000     9.635349210
   10.000000000     3.000000000     8.492438773
   11.000000000     3.000000000     7.520209754
   12.000000000     3.000000000     6.691836277
   13.000000000     3.000000000     5.987232421
   14.000000000     3.000000000     5.391214053
   15.000000000     3.000000000     4.892218343
   16.000000000     3.000000000     4.481406688
   17.000000000     3.000000000     4.152034054
   18.000000000     3.000000000     3.899006522
   19.000000000     3.000000000     3.718574938
   20.000000000     3.000000000     3.608130182
   21.000000000     3.000000000     3.566077936
   22.000000000     3.000000000     3.591779803
   23.000000000     3.000000000     3.685554800
   24.000000000     3.000000000     3.848741575
   25.000000000     3.000000000     4.083828170
   26.000000000     3.000000000     4.394663730
   27.000000000     3.000000000     4.786776347
   28.000000000     3.000000000     5.267834918
   29.000000000     3.000000000     5.848312767
   30.000000000     3.000000000     6.542440111
   31.000000000     3.000000000     7.369575607
   32.000000000     3.000000000     8.356188124
   33.000000000     3.000000000     9.538716243
   34.000000000     3.000000000    10.967634029
   35.000000000     3.000000000    12.712966385
   36.000000000     3.000000000    14.870814133
   37.000000000     3.000000000    17.567767196
   38.000000000     3.000000000    20.951509611
   39.000000000     3.000000000    25.132765544
   40.000000000     3.000000000    30.000000000

    0.000000000     4.000000000    40.000000000
    1.000000000     4.000000000    34.726882005
    2.000000000     4.000000000    29.905696360
    3.000000000     4.000000000    25.725055125
    4.000000000     4.000000000    22.188592056
    5.000000000     4.000000000    19.221074885
    6.000000000     4.000000000    16.729175732
    7.000000000     4.000000000    14.626873413
    8.000000000     4.000000000    12.842927367
    9.000000000     4.000000000    11.321009331
   10.000000000     4.000000000    10.017459903
   11.000000000     4.000000000     8.898673413
   12.000000000     4.000000000     7.938793022
   13.000000000     4.000000000     7.117870794
   14.000000000     4.000000000     6.420462422
   15.000000000     4.000000000     5.834576954
   16.000000000     4.000000000     5.350901151
   17.000000000     4.000000000     4.962231835
   18.000000000     4.000000000     4.663065245
   19.000000000     4.000000000     4.449305980
   20.000000000     4.000000000     4.318069083
   21.000000000     4.000000000     4.267557372
   22.000000000     4.000000000     4.297003001
   23.000000000     4.000000000     4.406668010
   24.000000000     4.000000000     4.597903910
   25.000000000     4.000000000     4.873275649
   26.000000000     4.000000000     5.236761186
   27.000000000     4.000000000     5.694044873
   28.000000000     4.000000000     6.252931434
   29.000000000     4.000000000     6.923917899
   30.000000000     4.000000000     7.720972753
   31.000000000     4.000000000     8.662582080
   32.000000000     4.000000000     9.773122099
   33.000000000     4.000000000    11.084580571
   34.000000000     4.000000000    12.638510857
   35.000000000     4.000000000    14.487707074
   36.000000000     4.000000000    16.696097768
   37.000000000     4.000000000    19.333132667
   38.000000000     4.000000000    22.454722992
   39.000000000     4.000000000    26.057655500
   40.000000000     4.000000000    30.000000000

    0.000000000     5.000000000    40.000000000
    1.000000000     5.000000000    35.509422933
    2.000000000     5.000000000    31.271864505
    3.000000000     5.000000000    27.437975656
    4.000000000     5.000000000    24.057046792
    5.000000000     5.000000000    21.115288972
    6.000000000     5.000000000    18.570005588
    7.000000000     5.000000000    16.370440182
    8.000000000     5.000000000    14.468031720
    9.000000000     5.000000000    12.820419726
   10.000000000     5.000000000    11.392316392
   11.000000000     5.000000000    10.155023690
   12.000000000     5.000000000     9.085489717
   13.000000000     5.000000000     8.165309819
   14.000000000     5.000000000     7.379833308
   15.000000000     5.000000000     6.717423038
   16.000000000     5.000000000     6.168867073
   17.000000000     5.000000000     5.726924330
   18.000000000     5.000000000     5.385982383
   19.000000000     5.000000000     5.141807544
   20.000000000     5.000000000     4.991371106
   21.000000000     5.000000000     4.932739840
   22.000000000     5.000000000     4.965022979
   23.000000000     5.000000000     5.088371672
   24.000000000     5.000000000     5.304030641
   25.000000000     5.000000000     5.614445318
   26.000000000     5.000000000     6.023431407
   27.000000000     5.000000000     6.536417422
   28.000000000     5.000000000     7.160773968
   29.000000000     5.000000000     7.906245227
   30.000000000     5.000000000     8.785495563
   31.000000000     5.000000000     9.814771380
   32.000000000     5.000000000    11.014642387
   33.000000000     5.000000000    12.410701467
   34.000000000     5.000000000    14.033918811
   35.000000000     5.000000000    15.919979574
   36.000000000     5.000000000    18.106271477
   37.000000000     5.000000000    20.624184529
   38.000000000     5.000000000    23.483466078
   39.000000000     5.000000000    26.646582737
   40.000000000     5.000000000    30.000000000

    0.000000000     6.000000000    40.000000000
    1.000000000     6.000000000    36.043701692
    2.000000000     6.000000000    32.243826598
    3.000000000     6.000000000    28.712009182
    4.000000000     6.000000000    25.504869472
    5.000000000     6.000000000    22.635847772
    6.000000000     6.000000000    20.091992836
    7.000000000     6.000000000    17.847524638
    8.000000000     6.000000000    15.872529056
    9.000000000     6.000000000    14.137719667
   10.000000000     6.000000000    12.616647403
   11.000000000     6.000000000    11.286455508
   12.000000000     6.000000000    10.127891176
   13.000000000     6.000000000     9.124986380
   14.000000000     6.000000000     8.264628548
   15.000000000     6.000000000     7.536129985
   16.000000000     6.000000000     6.930844098
   17.000000000     6.000000000     6.441845228
   18.000000000     6.000000000     6.063674006
   19.000000000     6.000000000     5.792143917
   20.000000000     6.000000000     5.624202953
   21.000000000     6.000000000     5.557844627
   22.000000000     6.000000000     5.592064025
   23.000000000     6.000000000     5.726856359
   24.000000000     6.000000000     5.963257448
   25.000000000     6.000000000     6.303427313
   26.000000000     6.000000000     6.750779553
   27.000000000     6.000000000     7.310159768
   28.000000000     6.000000000     7.988075262
   29.000000000     6.000000000     8.792973777
   30.000000000     6.000000000     9.735558089
   31.000000000     6.000000000    10.829099969
   32.000000000     6.000000000    12.089671532
   33.000000000     6.000000000    13.536128296
   34.000000000     6.000000000    15.189534411
   35.000000000     6.000000000    17.071496489
   36.000000000     6.000000000    19.200582921
   37.000000000     6.000000000    21.585793141
   38.000000000     6.000000000    24.216375463
   39.000000000     6.000000000    27.049225596
   40.000000000     6.000000000    30.000000000

    0.000000000     7.000000000    40.000000000
    1.000000000     7.000000000    36.426960991
    2.000000000     7.000000000    32.958482389
    3.000000000     7.000000000    29.677353109
    4.000000000     7.000000000    26.635636015
    5.000000000     7.000000000    23.857164305
    6.000000000     7.000000000    21.345126060
    7.000000000     7.000000000    19.089985470
    8.000000000     7.000000000    17.075682324
    9.000000000     7.000000000    15.283770027
   10.000000000     7.000000000    13.695865402
   11.000000000     7.000000000    12.294929946
   12.000000000     7.000000000    11.065823767
   13.000000000     7.000000000     9.995444843
   14.000000000     7.000000000     9.072653940
   15.000000000     7.000000000     8.288104899
   16.000000000     7.000000000     7.634047619
   17.000000000     7.000000000     7.104139176
   18.000000000     7.000000000     6.693280102
   19.000000000     7.000000000     6.397482683
   20.000000000     7.000000000     6.213773052
   21.000000000     7.000000000     6.140126499
   22.000000000     7.000000000     6.175434764
   23.000000000     7.000000000     6.319504154
   24.000000000     7.000000000     6.573083691
   25.000000000     7.000000000     6.937922778
   26.000000000     7.000000000     7.416857535
   27.000000000     7.000000000     8.013923462
   28.000000000     7.000000000     8.734488427
   29.000000000     7.000000000     9.585392584
   30.000000000     7.000000000    10.575068125
   31.000000000     7.000000000    11.713588019
   32.000000000     7.000000000    13.012553710
   33.000000000     7.000000000    14.484671350
   34.000000000     7.000000000    16.142782013
   35.000000000     7.000000000    17.998014932
   36.000000000     7.000000000    20.056674014
   37.000000000     7.000000000    22.315577740
   38.000000000     7.000000000    24.756107318
   39.000000000     7.000000000    27.338506958
   40.000000000     7.000000000    30.000000000

    0.000000000     8.000000000    40.000000000
    1.000000000     8.000000000    36.711683855
    2.000000000     8.000000000    33.497774228
    3.000000000     8.000000000    30.421107997
    4.000000000     8.000000000    27.526636430
    5.000000000     8.000000000    24.840947362
    6.000000000     8.000000000    22.375398739
    7.000000000     8.000000000    20.130457648
    8.000000000     8.000000000    18.099744979
    9.000000000     8.000000000    16.273176764
   10.000000000     8.000000000    14.639134536
   11.000000000     8.000000000    13.185831404
   12.000000000     8.000000000    11.902095169
   13.000000000     8.000000000    10.777764954
   14.000000000     8.000000000     9.803849757
   15.000000000     8.000000000     8.972551236
   16.000000000     8.000000000     8.277216897
   17.000000000     8.000000000     7.712264408
   18.000000000     8.000000000     7.273100831
   19.000000000     8.000000000     6.956049983
   20.000000000     8.000000000     6.758294706
   21.000000000     8.000000000     6.677837126
   22.000000000     8.000000000     6.713477968
   23.000000000     8.000000000     6.864814840
   24.000000000     8.000000000     7.132258668
   25.000000000     8.000000000     7.517066547
   26.000000000     8.000000000     8.021387859
   27.000000000     8.000000000     8.648317801
   28.000000000     8.000000000     9.401947814
   29.000000000     8.000000000    10.287394529
   30.000000000     8.000000000    11.310776360
   31.000000000     8.000000000    12.479087787
   32.000000000     8.000000000    13.799894468
   33.000000000     8.000000000    15.280737725
   34.000000000     8.000000000    16.928101046
   35.000000000     8.000000000    18.745772594
   36.000000000     8.000000000    20.732478759
   37.000000000     8.000000000    22.878839564
   38.000000000     8.000000000    25.164102727
   39.000000000     8.000000000    27.553781387
   40.000000000     8.000000000    30.000000000

    0.000000000     9.000000000    40.000000000
    1.000000000     9.000000000    36.928614691
    2.000000000     9.000000000    33.912982944
    3.000000000     9.000000000    31.002238533
    4.000000000     9.000000000    28.234635226
    5.000000000     9.000000000    25.636322968
    6.000000000     9.000000000    23.222437582
    7.000000000     9.000000000    20.999358455
    8.000000000     9.000000000    18.967208036
    9.000000000     9.000000000    17.122064548
   10.000000000     9.000000000    15.457686275
   11.000000000     9.000000000    13.966740868
   12.000000000     9.000000000    12.641620652
   13.000000000     9.000000000    11.474947405
   14.000000000     9.000000000    10.459861263
   15.000000000     9.000000000     9.590168671
   16.000000000     9.000000000     8.860403886
   17.000000000     9.000000000     8.265841435
   18.000000000     9.000000000     7.802483955
   19.000000000     9.000000000     7.467040791
   20.000000000     9.000000000     7.256906475
   21.000000000     9.000000000     7.170144226
   22.000000000     9.000000000     7.205476924
   23.000000000     9.000000000     7.362286238
   24.000000000     9.000000000     7.640619121
   25.000000000     9.000000000     8.041199347
   26.000000000     9.000000000     8.565439770
   27.000000000     9.000000000     9.215447926
   28.000000000     9.000000000     9.994013069
   29.000000000     9.000000000    10.904555935
   30.000000000     9.000000000    11.951012946
   31.000000000     9.000000000    13.137613784
   32.000000000     9.000000000    14.468496039
   33.000000000     9.000000000    15.947085902
   34.000000000     9.000000000    17.575167318
   35.000000000     9.000000000    19.351578903
   36.000000000     9.000000000    21.270543627
   37.000000000     9.000000000    23.319782620
   38.000000000     9.000000000    25.478809630
   39.000000000     9.000000000    27.718100943
   40.000000000     9.000000000    30.000000000

    0.000000000    10.000000000    40.000000000
    1.000000000    10.000000000    37.096964929
    2.000000000    10.000000000    34.237575737
    3.000000000    10.000000000    31.461450632
    4.000000000    10.000000000    28.801300570
    5.000000000    10.000000000    26.281683960
    6.000000000    10.000000000    23.919199375
    7.000000000    10.000000000    21.723589196
    8.000000000    10.000000000    19.699223291
    9.000000000    10.000000000    17.846585166
   10.000000000    10.000000000    16.163556819
   11.000000000    10.000000000    14.646430013
   12.000000000    10.000000000    13.290649716
   13.000000000    10.000000000    12.091331533
   14.000000000    10.000000000    11.043604949
   15.000000000    10.000000000    10.142830716
   16.000000000    10.000000000     9.384731980
   17.000000000    10.000000000     8.765469085
   18.000000000    10.000000000     8.281679452
   19.000000000    10.000000000     7.930497099
   20.000000000    10.000000000     7.709561291
   21.000000000    10.000000000     7.617020070
   22.000000000    10.000000000     7.651531773
   23.000000000    10.000000000     7.812265599
   24.000000000    10.000000000     8.098900559
   25.000000000    10.000000000     8.511620386
   26.000000000    10.000000000     9.051099853
   27.000000000    10.000000000     9.718475122
   28.000000000    10.000000000    10.515286966
   29.000000000    10.000000000    11.443380582
   30.000000000    10.000000000    12.504739425
   31.000000000    10.000000000    13.701223262
   32.000000000    10.000000000    15.034174164
   33.000000000    10.000000000    16.503851606
   34.000000000    10.000000000    18.108665366
   35.000000000    10.000000000    19.844202005
   36.000000000    10.000000000    21.702099276
   37.000000000    10.000000000    23.668921422
   38.000000000    10.000000000    25.725318687
   39.000000000    10.000000000    27.845869390
   40.000000000    10.000000000    30.000000000

    0.000000000    11.000000000    40.000000000
    1.000000000    11.000000000    37.229366624
    2.000000000    11.000000000    34.494219153
    3.000000000    11.000000000    31.827461815
    4.000000000    11.000000000    29.257433869
    5.000000000    11.000000000    26.806840852
    6.000000000    11.000000000    24.492578812
    7.000000000    11.000000000    22.326215984
    8.000000000    11.000000000    20.314839056
    9.000000000    11.000000000    18.462016957
   10.000000000    11.000000000    16.768718652
   11.000000000    11.000000000    15.234100355
   12.000000000    11.000000000    13.856134624
   13.000000000    11.000000000    12.632087729
   14.000000000    11.000000000    11.558867730
   15.000000000    11.000000000    10.633270395
   16.000000000    11.000000000     9.852148599
   17.000000000    11.000000000     9.212526678
   18.000000000    11.000000000     8.711676399
   19.000000000    11.000000000     8.347166736
   20.000000000    11.000000000     8.116895892
   21.000000000    11.000000000     8.019111006
   22.000000000    11.000000000     8.052418643
   23.000000000    11.000000000     8.215787267
   24.000000000    11.000000000     8.508541165
   25.000000000    11.000000000     8.930343650
   26.000000000    11.000000000     9.481165406
   27.000000000    11.000000000    10.161231580
   28.000000000    11.000000000    10.970938359
   29.000000000    11.000000000    11.910726468
   30.000000000    11.000000000    12.980895421
   31.000000000    11.000000000    14.181339305
   32.000000000    11.000000000    15.511183779
   33.000000000    11.000000000    16.968307558
   34.000000000    11.000000000    18.548743693
   35.000000000    11.000000000    20.245981453
   36.000000000    11.000000000    22.050232409
   37.000000000    11.000000000    23.947783544
   38.000000000    11.000000000    25.920622862
   39.000000000    11.000000000    27.946557330
   40.000000000    11.000000000    30.000000000

    0.000000000    12.000000000    40.000000000
    1.000000000    12.000000000    37.334468261
    2.000000000    12.000000000    34.698759094
    3.000000000    12.000000000    32.120963087
    4.000000000    12.000000000    29.626037682
    5.000000000    12.000000000    27.234938315
    6.000000000    12.000000000    24.964311294
    7.000000000    12.000000000    22.826647597
    8.000000000    12.000000000    20.830739667
    9.000000000    12.000000000    18.982286832
   10.000000000    12.000000000    17.284530732
   11.000000000    12.000000000    15.738845671
   12.000000000    12.000000000    14.345246337
   13.000000000    12.000000000    13.102801665
   14.000000000    12.000000000    12.009959407
   15.000000000    12.000000000    11.064793538
   16.000000000    12.000000000    10.265188950
   17.000000000    12.000000000     9.608977186
   18.000000000    12.000000000     9.094034889
   19.000000000    12.000000000     8.718354097
   20.000000000    12.000000000     8.480091112
   21.000000000    12.000000000     8.377598462
   22.000000000    12.000000000     8.409442662
   23.000000000    12.000000000     8.574408870
   24.000000000    12.000000000     8.871492102
   25.000000000    12.000000000     9.299873209
   26.000000000    12.000000000     9.858876328
   27.000000000    12.000000000    10.547902797
   28.000000000    12.000000000    11.366334684
   29.000000000    12.000000000    12.313399189
   30.000000000    12.000000000    13.387983638
   31.000000000    12.000000000    14.588390307
   32.000000000    12.000000000    15.912022083
   33.000000000    12.000000000    17.354995677
   34.000000000    12.000000000    18.911690973
   35.000000000    12.000000000    20.574264884
   36.000000000    12.000000000    22.332186211
   37.000000000    12.000000000    24.171880687
   38.000000000    12.000000000    26.076602218
   39.000000000    12.000000000    28.026648944
   40.000000000    12.000000000    30.000000000

    0.000000000    13.000000000    40.000000000
    1.000000000    13.000000000    37.418384346
    2.000000000    13.000000000    34.862570194
    3.000000000    13.000000000    32.357148126
    4.000000000    13.000000000    29.924479406
    5.000000000    13.000000000    27.583999475
    6.000000000    13.000000000    25.351881955
    7.000000000    13.000000000    23.241023786
    8.000000000    13.000000000    21.261267858
    9.000000000    13.000000000    19.419769213
   10.000000000    13.000000000    17.721423215
   11.000000000    13.000000000    16.169296344
   12.000000000    13.000000000    14.765023000
   13.000000000    13.000000000    13.509150306
   14.000000000    13.000000000    12.401425721
   15.000000000    13.000000000    11.441030013
   16.000000000    13.000000000    10.626761917
   17.000000000    13.000000000     9.957181988
   18.000000000    13.000000000     9.430722862
   19.000000000    13.000000000     9.045772016
   20.000000000    13.000000000     8.800731795
   21.000000000    13.000000000     8.694060073
   22.000000000    13.000000000     8.724293616
   23.000000000    13.000000000     8.890055064
   24.000000000    13.000000000     9.190043297
   25.000000000    13.000000000     9.623005916
   26.000000000    13.000000000    10.187691475
   27.000000000    13.000000000    10.882777976
   28.000000000    13.000000000    11.706773143
   29.000000000    13.000000000    12.657881146
   30.000000000    13.000000000    13.733830240
   31.000000000    13.000000000    14.931656715
   32.000000000    13.000000000    16.247443406
   33.000000000    13.000000000    17.676016829
   34.000000000    13.000000000    19.210616684
   35.000000000    13.000000000    20.842565404
   36.000000000    13.000000000    22.560982498
   37.000000000    13.000000000    24.352605134
   38.000000000    13.000000000    26.201785669
   39.000000000    13.000000000    28.090729064
   40.000000000    13.000000000    30.000000000

    0.000000000    14.000000000    40.000000000
    1.000000000    14.000000000    37.485548582
    2.000000000    14.000000000    34.993994509
    3.000000000    14.000000000    32.547355045
    4.000000000    14.000000000    30.166004585
    5.000000000    14.000000000    27.868113871
    6.000000000    14.000000000    25.669326250
    7.000000000    14.000000000    23.582659145
    8.000000000    14.000000000    21.618587429
    9.000000000    14.000000000    19.785252523
   10.000000000    14.000000000    18.088742792
   11.000000000    14.000000000    16.533400997
   12.000000000    14.000000000    15.122127504
   13.000000000    14.000000000    13.856660097
   14.000000000    14.000000000    12.737820748
   15.000000000    14.000000000    11.765726280
   16.000000000    14.000000000    10.939963806
   17.000000000    14.000000000    10.259733860
   18.000000000    14.000000000     9.723964751
   19.000000000    14.000000000     9.331401620
   20.000000000    14.000000000     9.080673056
   21.000000000    14.000000000     8.970337470
   22.000000000    14.000000000     8.998910589
   23.000000000    14.000000000     9.164874724
   24.000000000    14.000000000     9.466669694
   25.000000000    14.000000000     9.902664605
   26.000000000    14.000000000    10.471109036
   27.000000000    14.000000000    11.170061578
   28.000000000    14.000000000    11.997293261
   29.000000000    14.000000000    12.950163330
   30.000000000    14.000000000    14.025465352
   31.000000000    14.000000000    15.219243143
   32.000000000    14.000000000    16.526579058
   33.000000000    14.000000000    17.941362068
   34.000000000    14.000000000    19.456050274
   35.000000000    14.000000000    21.061451577
   36.000000000    14.000000000    22.746555976
   37.000000000    14.000000000    24.498460568
   38.000000000    14.000000000    26.302429684
   39.000000000    14.000000000    28.142122887
   40.000000000    14.000000000    30.000000000

    0.000000000    15.000000000    40.000000000
    1.000000000    15.000000000    37.539238277
    2.000000000    15.000000000    35.099251942
    3.000000000    15.000000000    32.700152230
    4.000000000    15.000000000    30.360796666
    5.000000000    15.000000000    28.098331005
    6.000000000    15.000000000    25.927891411
    7.000000000    15.000000000    23.862466973
    8.000000000    15.000000000    21.912901028
    9.000000000    15.000000000    20.087998133
   10.000000000    15.000000000    18.394701027
   11.000000000    15.000000000    16.838305670
   12.000000000    15.000000000    15.422689263
   13.000000000    15.000000000    14.150533576
   14.000000000    15.000000000    13.023532535
   15.000000000    15.000000000    12.042578058
   16.000000000    15.000000000    11.207921678
   17.000000000    15.000000000    10.519311628
   18.000000000    15.000000000     9.976106220
   19.000000000    15.000000000     9.577364802
   20.000000000    15.000000000     9.321917561
   21.000000000    15.000000000     9.208415268
   22.000000000    15.000000000     9.235359676
   23.000000000    15.000000000     9.401114929
   24.000000000    15.000000000     9.703899948
   25.000000000    15.000000000    10.141761427
   26.000000000    15.000000000    10.712526757
   27.000000000    15.000000000    11.413736050
   28.000000000    15.000000000    12.242552425
   29.000000000    15.000000000    13.195650089
   30.000000000    15.000000000    14.269080645
   31.000000000    15.000000000    15.458119682
   32.000000000    15.000000000    16.757098385
   33.000000000    15.000000000    18.159228742
   34.000000000    15.000000000    19.656435861
   35.000000000    15.000000000    21.239216536
   36.000000000    15.000000000    22.896548280
   37.000000000    15.000000000    24.615875900
   38.000000000    15.000000000    26.383200748
   39.000000000    15.000000000    28.183289120
   40.000000000    15.000000000    30.000000000

    0.000000000    16.000000000    40.000000000
    1.000000000    16.000000000    37.581908351
    2.000000000    16.000000000    35.183032943
    3.000000000    16.000000000    32.822069673
    4.000000000    16.000000000    30.516723251
    5.000000000    16.000000000    28.283325281
    6.000000000    16.000000000    26.136564113
    7.000000000    16.000000000    24.089331429
    8.000000000    16.000000000    22.152675717
    9.000000000    16.000000000    20.335843341
   10.000000000    16.000000000    18.646384094
   11.000000000    16.000000000    17.090298555
   12.000000000    16.000000000    15.672207772
   13.000000000    16.000000000    14.395530022
   14.000000000    16.000000000    13.262653730
   15.000000000    16.000000000    12.275099292
   16.000000000    16.000000000    11.433665405
   17.000000000    16.000000000    10.738557494
   18.000000000    16.000000000    10.189497127
   19.000000000    16.000000000     9.785812029
   20.000000000    16.000000000     9.526506735
   21.000000000    16.000000000     9.410313988
   22.000000000    16.000000000     9.435727062
   23.000000000    16.000000000     9.601013087
   24.000000000    16.000000000     9.904207399
   25.000000000    16.000000000    10.343088871
   26.000000000    16.000000000    10.915136199
   27.000000000    16.000000000    11.617465249
   28.000000000    16.000000000    12.446747857
   29.000000000    16.000000000    13.399113090
   30.000000000    16.000000000    14.470032969
   31.000000000    16.000000000    15.654196203
   32.000000000    16.000000000    16.945375618
   33.000000000    16.000000000    18.336297784
   34.000000000    16.000000000    19.818526576
   35.000000000    16.000000000    21.382375608
   36.000000000    16.000000000    23.016866863
   37.000000000    16.000000000    24.709753204
   38.000000000    16.000000000    26.447619531
   39.000000000    16.000000000    28.216070303
   40.000000000    16.000000000    30.000000000

    0.000000000    17.000000000    40.000000000
    1.000000000    17.000000000    37.615410234
    2.000000000    17.000000000    35.248893523
    3.000000000    17.000000000    32.918099448
    4.000000000    17.000000000    30.639865001
    5.000000000    17.000000000    28.429888182
    6.000000000    17.000000000    26.302482490
    7.000000000    17.000000000    24.270418955
    8.000000000    17.000000000    22.344852102
    9.000000000    17.000000000    20.535318867
   10.000000000    17.000000000    18.849795485
   11.000000000    17.000000000    17.294796296
   12.000000000    17.000000000    15.875499488
   13.000000000    17.000000000    14.595887032
   14.000000000    17.000000000    13.458888664
   15.000000000    17.000000000    12.466522383
   16.000000000    17.000000000    11.620026052
   17.000000000    17.000000000    10.919976435
   18.000000000    17.000000000    10.366393251
   19.000000000    17.000000000     9.958826675
   20.000000000    17.000000000     9.696427340
   21.000000000    17.000000000     9.577998250
   22.000000000    17.000000000     9.602028285
   23.000000000    17.000000000     9.766707167
   24.000000000    17.000000000    10.069921922
   25.000000000    17.000000000    10.509235058
   26.000000000    17.000000000    11.081844913
   27.000000000    17.000000000    11.784528958
   28.000000000    17.000000000    12.613571343
   29.000000000    17.000000000    13.564676650
   30.000000000    17.000000000    14.632872835
   31.000000000    17.000000000    15.812407647
   32.000000000    17.000000000    17.096644468
   33.000000000    17.000000000    18.477965501
   34.000000000    17.000000000    19.947692175
   35.000000000    17.000000000    21.496034376
   36.000000000    17.000000000    23.112080870
   37.000000000    17.000000000    24.783842508
   38.000000000    17.000000000    26.498356785
   39.000000000    17.000000000    28.241856811
   40.000000000    17.000000000    30.000000000

    0.000000000    18.000000000    40.000000000
    1.000000000    18.000000000    37.641138413
    2.000000000    18.000000000    35.299523180
    3.000000000    18.000000000    32.992042307
    4.000000000    18.000000000    30.734892221
    5.000000000    18.000000000    28.543290998
    6.000000000    18.000000000    26.431252792
    7.000000000    18.000000000    24.411430484
    8.000000000    18.000000000    22.495026237
    9.000000000    18.000000000    20.691763844
   10.000000000    18.000000000    19.009913094
   11.000000000    18.000000000    17.456354625
   12.000000000    18.000000000    16.036673656
   13.000000000    18.000000000    14.755271962
   14.000000000    18.000000000    13.615488958
   15.000000000    18.000000000    12.619724475
   16.000000000    18.000000000    11.769557444
   17.000000000    18.000000000    11.065856071
   18.000000000    18.000000000    10.508876266
   19.000000000    18.000000000    10.098345976
   20.000000000    18.000000000     9.833533763
   21.000000000    18.000000000     9.713300510
   22.000000000    18.000000000     9.736133583
   23.000000000    18.000000000     9.900163132
   24.000000000    18.000000000    10.203160571
   25.000000000    18.000000000    10.642519637
   26.000000000    18.000000000    11.215220821
   27.000000000    18.000000000    11.917780430
   28.000000000    18.000000000    12.746186146
   29.000000000    18.000000000    13.695821671
   30.000000000    18.000000000    14.761383953
   31.000000000    18.000000000    15.936797613
   32.000000000    18.000000000    17.215132430
   33.000000000    18.000000000    18.588531044
   34.000000000    18.000000000    20.048155216
   35.000000000    18.000000000    21.584159716
   36.000000000    18.000000000    23.185702830
   37.000000000    18.000000000    24.841001202
   38.000000000    18.000000000    26.537433945
   39.000000000    18.000000000    28.261696595
   40.000000000    18.000000000    30.000000000

    0.000000000    19.000000000    40.000000000
    1.000000000    19.000000000    37.660129779
    2.000000000    19.000000000    35.336928385
    3.000000000    19.000000000    33.046748974
    4.000000000    19.000000000    30.805332916
    5.000000000    19.000000000    28.627550217
    6.000000000    19.000000000    26.527188890
    7.000000000    19.000000000    24.516800137
    8.000000000    19.000000000    22.607600700
    9.000000000    19.000000000    20.809429082
   10.000000000    19.000000000    19.130748997
   11.000000000    19.000000000    17.578691489
   12.000000000    19.000000000    16.159126444
   13.000000000    19.000000000    14.876754464
   14.000000000    19.000000000    13.735210895
   15.000000000    19.000000000    12.737174887
   16.000000000    19.000000000    11.884477629
   17.000000000    19.000000000    11.178204977
   18.000000000    19.000000000    10.618790773
   19.000000000    19.000000000    10.206098000
   20.000000000    19.000000000     9.939485661
   21.000000000    19.000000000     9.817859919
   22.000000000    19.000000000     9.839708534
   23.000000000    19.000000000    10.003118192
   24.000000000    19.000000000    10.305774734
   25.000000000    19.000000000    10.744946803
   26.000000000    19.000000000    11.317453909
   27.000000000    19.000000000    12.019620504
   28.000000000    19.000000000    12.847218244
   29.000000000    19.000000000    13.795399395
   30.000000000    19.000000000    14.858625135
   31.000000000    19.000000000    16.030593444
   32.000000000    19.000000000    17.304172188
   33.000000000    19.000000000    18.671343918
   34.000000000    19.000000000    20.123169502
   35.000000000    19.000000000    21.649777915
   36.000000000    19.000000000    23.240388998
   37.000000000    19.000000000    24.883374523
   38.000000000    19.000000000    26.566360428
   39.000000000    19.000000000    28.276369536
   40.000000000    19.000000000    30.000000000

    0.000000000    20.000000000    40.000000000
    1.000000000    20.000000000    37.673130944
    2.000000000    20.000000000    35.362557926
    3.000000000    20.000000000    33.084287151
    4.000000000    20.000000000    30.853761611
    5.000000000    20.000000000    28.685618655
    6.000000000    20.000000000    26.593489470
    7.000000000    20.000000000    24.589847066
    8.000000000    20.000000000    22.685904874
    9.000000000    20.000000000    20.891564095
   10.000000000    20.000000000    19.215404919
   11.000000000    20.000000000    17.664714769
   12.000000000    20.000000000    16.245545758
   13.000000000    20.000000000    14.962793408
   14.000000000    20.000000000    13.820289104
   15.000000000    20.000000000    12.820899513
   16.000000000    20.000000000    11.966627159
   17.000000000    20.000000000    11.258707269
   18.000000000    20.000000000    10.697696951
   19.000000000    20.000000000    10.283553598
   20.000000000    20.000000000    10.015700143
   21.000000000    20.000000000     9.893075476
   22.000000000    20.000000000     9.914168935
   23.000000000    20.000000000    10.077038340
   24.000000000    20.000000000    10.379311587
   25.000000000    20.000000000    10.818172383
   26.000000000    20.000000000    11.390331229
   27.000000000    20.000000000    12.091983394
   28.000000000    20.000000000    12.918756267
   29.000000000    20.000000000    13.865649157
   30.000000000    20.000000000    14.926969412
   31.000000000    20.000000000    16.096269460
   32.000000000    20.000000000    17.366290179
   33.000000000    20.000000000    18.728916546
   34.000000000    20.000000000    20.175151926
   35.000000000    20.000000000    21.695117215
   36.000000000    20.000000000    23.278080373
   37.000000000    20.000000000    24.912520374
   38.000000000    20.000000000    26.586227365
   39.000000000    20.000000000    28.286437802
   40.000000000    20.000000000    30.000000000

    0.000000000    21.000000000    40.000000000
    1.000000000    21.000000000    37.680642799
    2.000000000    21.000000000    35.377386418
    3.000000000    21.000000000    33.106053974
    4.000000000    21.000000000    30.881928380
    5.000000000    21.000000000    28.719518484
    6.000000000    21.000000000    26.632364135
    7.000000000    21.000000000    24.632886507
    8.000000000    21.000000000    22.732285954
    9.000000000    21.000000000    20.940486014
   10.000000000    21.000000000    19.266119355
   11.000000000    21.000000000    17.716549539
   12.000000000    21.000000000    16.297921498
   13.000000000    21.000000000    15.015233333
   14.000000000    21.000000000    13.872422335
   15.000000000    21.000000000    12.872458739
   16.000000000    21.000000000    12.017441529
   17.000000000    21.000000000    11.308691459
   18.000000000    21.000000000    10.746837311
   19.000000000    21.000000000    10.331892204
   20.000000000    21.000000000    10.063317489
   21.000000000    21.000000000     9.940072467
   22.000000000    21.000000000     9.960648742
   23.000000000    21.000000000    10.123088670
   24.000000000    21.000000000    10.424987887
   25.000000000    21.000000000    10.863482509
   26.000000000    21.000000000    11.435222152
   27.000000000    21.000000000    12.136330565
   28.000000000    21.000000000    12.962356284
   29.000000000    21.000000000    13.908216416
   30.000000000    21.000000000    14.968137363
   31.000000000    21.000000000    16.135597005
   32.000000000    21.000000000    17.403273520
   33.000000000    21.000000000    18.763006488
   34.000000000    21.000000000    20.205776207
   35.000000000    21.000000000    21.721706926
   36.000000000    21.000000000    23.300098968
   37.000000000    21.000000000    24.929493310
   38.000000000    21.000000000    26.597770005
   39.000000000    21.000000000    28.292279152
   40.000000000    21.000000000    30.000000000

    0.000000000    22.000000000    40.000000000
    1.000000000    22.000000000    37.682947911
    2.000000000    22.000000000    35.381965954
    3.000000000    22.000000000    33.112846261
    4.000000000    22.000000000    30.890840553
    5.000000000    22.000000000    28.730426971
    6.000000000    22.000000000    26.645116475
    7.000000000    22.000000000    24.647304890
    8.000000000    22.000000000    22.748172572
    9.000000000    22.000000000    20.957629916
   10.000000000    22.000000000    19.284304252
   11.000000000    22.000000000    17.735561842
   12.000000000    22.000000000    16.317557862
   13.000000000    22.000000000    15.035307084
   14.000000000    22.000000000    13.892768318
   15.000000000    22.000000000    12.892936316
   16.000000000    22.000000000    12.037935651
   17.000000000    22.000000000    11.329111888
   18.000000000    22.000000000    10.767116201
   19.000000000    22.000000000    10.351980321
   20.000000000    22.000000000    10.083179423
   21.000000000    22.000000000     9.959681195
   22.000000000    22.000000000     9.979979944
   23.000000000    22.000000000    10.142115158
   24.000000000    22.000000000    10.443674518
   25.000000000    22.000000000    10.881781919
   26.000000000    22.000000000    11.453071619
   27.000000000    22.000000000    12.153650235
   28.000000000    22.000000000    12.979048933
   29.000000000    22.000000000    13.924168811
   30.000000000    22.000000000    14.983223161
   31.000000000    22.000000000    16.149680974
   32.000000000    22.000000000    17.416216726
   33.000000000    22.000000000    18.774671965
   34.000000000    22.000000000    20.216034546
   35.000000000    22.000000000    21.730441223
   36.000000000    22.000000000    23.307208713
   37.000000000    22.000000000    24.934896954
   38.000000000    22.000000000    26.601406278
   39.000000000    22.000000000    28.294107395
   40.000000000    22.000000000    30.000000000

    0.000000000    23.000000000    40.000000000
    1.000000000    23.000000000    37.680123861
    2.000000000    23.000000000    35.376451505
    3.000000000    23.000000000    33.104895625
    4.000000000    23.000000000    30.880804475
    5.000000000    23.000000000    28.718721549
    6.000000000    23.000000000    26.632189253
    7.000000000    23.000000000    24.633602435
    8.000000000    23.000000000    22.734112739
    9.000000000    23.000000000    20.943580781
   10.000000000    23.000000000    19.270570347
   11.000000000    23.000000000    17.722377354
   12.000000000    23.000000000    16.305085722
   13.000000000    23.000000000    15.023642568
   14.000000000    23.000000000    13.881945715
   15.000000000    23.000000000    12.882937384
   16.000000000    23.000000000    12.028698809
   17.000000000    23.000000000    11.320541410
   18.000000000    23.000000000    10.759090940
   19.000000000    23.000000000    10.344361757
   20.000000000    23.000000000    10.075819008
   21.000000000    23.000000000     9.952427112
   22.000000000    23.000000000     9.972683470
   23.000000000    23.000000000    10.134636877
   24.000000000    23.000000000    10.435890591
   25.000000000    23.000000000    10.873590575
   26.000000000    23.000000000    11.444399910
   27.000000000    23.000000000    12.144460955
   28.000000000    23.000000000    12.969347414
   29.000000000    23.000000000    13.914009066
   30.000000000    23.000000000    14.972712642
   31.000000000    23.000000000    16.138983000
   32.000000000    23.000000000    17.405549521
   33.000000000    23.000000000    18.764303281
   34.000000000    23.000000000    20.206271088
   35.000000000    23.000000000    21.721612618
   36.000000000    23.000000000    23.299646511
   37.000000000    23.000000000    24.928910144
   38.000000000    23.000000000    26.597255721
   39.000000000    23.000000000    28.291982341
   40.000000000    23.000000000    30.000000000

    0.000000000    24.000000000    40.000000000
    1.000000000    24.000000000    37.672043804
    2.000000000    24.000000000    35.360602409
    3.000000000    24.000000000    33.081871464
    4.000000000    24.000000000    30.851430586
    5.000000000    24.000000000    28.683987334
    6.000000000    24.000000000    26.593174375
    7.000000000    24.000000000    24.591405189
    8.000000000    24.000000000    22.689787315
    9.000000000    24.000000000    20.898087597
   10.000000000    24.000000000    19.224741107
   11.000000000    24.000000000    17.676894454
   12.000000000    24.000000000    16.260474285
   13.000000000    24.000000000    14.980272661
   14.000000000    24.000000000    13.840042148
   15.000000000    24.000000000    12.842594654
   16.000000000    24.000000000    11.989899162
   17.000000000    24.000000000    11.283174466
   18.000000000    24.000000000    10.722973785
   19.000000000    24.000000000    10.309258840
   20.000000000    24.000000000    10.041461504
   21.000000000    24.000000000     9.918531666
   22.000000000    24.000000000     9.938970388
   23.000000000    24.000000000    10.100847893
   24.000000000    24.000000000    10.401806341
   25.000000000    24.000000000    10.839047784
   26.000000000    24.000000000    11.409308148
   27.000000000    24.000000000    12.108818546
   28.000000000    24.000000000    12.933255767
   29.000000000    24.000000000    13.877684358
   30.000000000    24.000000000    14.936493376
   31.000000000    24.000000000    16.103331702
   32.000000000    24.000000000    17.371046652
   33.000000000    24.000000000    18.731631602
   34.000000000    24.000000000    20.176189197
   35.000000000    24.000000000    21.694917430
   36.000000000    24.000000000    23.277125929
   37.000000000    24.000000000    24.911289083
   38.000000000    24.000000000    26.585140538
   39.000000000    24.000000000    28.285810186
   40.000000000    24.000000000    30.000000000

    0.000000000    25.000000000    40.000000000
    1.000000000    25.000000000    37.658363872
    2.000000000    25.000000000    35.333759325
    3.000000000    25.000000000    33.042851235
    4.000000000    25.000000000    30.801601435
    5.000000000    25.000000000    28.624987046
    6.000000000    25.000000000    26.526787912
    7.000000000    25.000000000    24.519447084
    8.000000000    25.000000000    22.613999726
    9.000000000    25.000000000    20.820060341
   10.000000000    25.000000000    19.145855869
   11.000000000    25.000000000    17.598292102
   12.000000000    25.000000000    16.183042239
   13.000000000    25.000000000    14.904648313
   14.000000000    25.000000000    13.766628175
   15.000000000    25.000000000    12.771582472
   16.000000000    25.000000000    11.921297401
   17.000000000    25.000000000    11.216840100
   18.000000000    25.000000000    10.658644258
   19.000000000    25.000000000    10.246584146
   20.000000000    25.000000000     9.980035663
   21.000000000    25.000000000     9.857923393
   22.000000000    25.000000000     9.878752984
   23.000000000    25.000000000    10.040628467
   24.000000000    25.000000000    10.341254472
   25.000000000    25.000000000    10.777923576
   26.000000000    25.000000000    11.347489397
   27.000000000    25.000000000    12.046326364
   28.000000000    25.000000000    12.870277555
   29.000000000    25.000000000    13.814592454
   30.000000000    25.000000000    14.873857175
   31.000000000    25.000000000    16.041920505
   32.000000000    25.000000000    17.311820229
   33.000000000    25.000000000    18.675715528
   34.000000000    25.000000000    20.124832737
   35.000000000    25.000000000    21.649433232
   36.000000000    25.000000000    23.238813202
   37.000000000    25.000000000    24.881345044
   38.000000000    25.000000000    26.564568311
   39.000000000    25.000000000    28.275334061
   40.000000000    25.000000000    30.000000000

    0.000000000    26.000000000    40.000000000
    1.000000000    26.000000000    37.638495239
    2.000000000    26.000000000    35.294792904
    3.000000000    26.000000000    32.986253554
    4.000000000    26.000000000    30.729398425
    5.000000000    26.000000000    28.539590084
    6.000000000    26.000000000    26.430808248
    7.000000000    26.000000000    24.415521340
    8.000000000    26.000000000    22.504642285
    9.000000000    26.000000000    20.707550859
   10.000000000    26.000000000    19.032163571
   11.000000000    26.000000000    17.485033980
   12.000000000    26.000000000    16.071469691
   13.000000000    26.000000000    14.795655833
   14.000000000    26.000000000    13.660777893
   15.000000000    26.000000000    12.669139173
   16.000000000    26.000000000    11.822269746
   17.000000000    26.000000000    11.121024899
   18.000000000    26.000000000    10.565671665
   19.000000000    26.000000000    10.155962477
   20.000000000    26.000000000     9.891195197
   21.000000000    26.000000000     9.770258968
   22.000000000    26.000000000     9.791665486
   23.000000000    26.000000000     9.953565437
   24.000000000    26.000000000    10.253750011
   25.000000000    26.000000000    10.689637582
   26.000000000    26.000000000    11.258245808
   27.000000000    26.000000000    11.956149625
   28.000000000    26.000000000    12.779425872
   29.000000000    26.000000000    13.723585642
   30.000000000    26.000000000    14.783496031
   31.000000000    26.000000000    15.953293813
   32.000000000    26.000000000    17.226294860
   33.000000000    26.000000000    18.594904946
   34.000000000    26.000000000    20.050539906
   35.000000000    26.000000000    21.583565821
   36.000000000    26.000000000    23.183272413
   37.000000000    26.000000000    24.837894272
   38.000000000    26.000000000    26.534693552
   39.000000000    26.000000000    28.260113110
   40.000000000    26.000000000    30.000000000

    0.000000000    27.000000000    40.000000000
    1.000000000    27.000000000    37.611556335
    2.000000000    27.000000000    35.242016319
    3.000000000    27.000000000    32.909724895
    4.000000000    27.000000000    30.631978624
    5.000000000    27.000000000    28.424654005
    6.000000000    27.000000000    26.301973152
    7.000000000    27.000000000    24.276399519
    8.000000000    27.000000000    22.358639469
    9.000000000    27.000000000    20.557719363
   10.000000000    27.000000000    18.881109452
   11.000000000    27.000000000    17.334871443
   12.000000000    27.000000000    15.923813258
   13.000000000    27.000000000    14.651640393
   14.000000000    27.000000000    13.521097747
   15.000000000    27.000000000    12.534098819
   16.000000000    27.000000000    11.691840946
   17.000000000    27.000000000    10.994906192
   18.000000000    27.000000000    10.443347903
   19.000000000    27.000000000    10.036763032
   20.000000000    27.000000000     9.774350290
   21.000000000    27.000000000     9.654954123
   22.000000000    27.000000000     9.677094436
   23.000000000    27.000000000     9.838981949
   24.000000000    27.000000000    10.138519070
   25.000000000    27.000000000    10.573286141
   26.000000000    27.000000000    11.140512924
   27.000000000    27.000000000    11.837035209
   28.000000000    27.000000000    12.659236432
   29.000000000    27.000000000    13.602974362
   30.000000000    27.000000000    14.663493273
   31.000000000    27.000000000    15.835322758
   32.000000000    27.000000000    17.112165790
   33.000000000    27.000000000    18.486780853
   34.000000000    27.000000000    19.950866450
   35.000000000    27.000000000    21.494960640
   36.000000000    27.000000000    23.108373329
   37.000000000    27.000000000    24.779173173
   38.000000000    27.000000000    26.494252210
   39.000000000    27.000000000    28.239486699
   40.000000000    27.000000000    30.000000000

    0.000000000    28.000000000    40.000000000
    1.000000000    28.000000000    37.576297102
    2.000000000    28.000000000    35.173047836
    3.000000000    28.000000000    32.809963954
    4.000000000    28.000000000    30.505387053
    5.000000000    28.000000000    28.275847500
    6.000000000    28.000000000    26.135829354
    7.000000000    28.000000000    24.097716031
    8.000000000    28.000000000    22.171869117
    9.000000000    28.000000000    20.366789546
   10.000000000    28.000000000    18.689318724
   11.000000000    28.000000000    17.144849435
   12.000000000    28.000000000    15.737528096
   13.000000000    28.000000000    14.470438846
   14.000000000    28.000000000    13.345765901
   15.000000000    28.000000000    12.364933999
   16.000000000    28.000000000    11.528728366
   17.000000000    28.000000000    10.837396102
   18.000000000    28.000000000    10.290730800
   19.000000000    28.000000000     9.888141801
   20.000000000    28.000000000     9.628709087
   21.000000000    28.000000000     9.511224389
   22.000000000    28.000000000     9.534218799
   23.000000000    28.000000000     9.695976897
   24.000000000    28.000000000     9.994537236
   25.000000000    28.000000000    10.427678792
   26.000000000    28.000000000    10.992892810
   27.000000000    28.000000000    11.687339213
   28.000000000    28.000000000    12.507786457
   29.000000000    28.000000000    13.450533544
   30.000000000    28.000000000    14.511312833
   31.000000000    28.000000000    15.685172755
   32.000000000    28.000000000    16.966340768
   33.000000000    28.000000000    18.348069490
   34.000000000    28.000000000    19.822473427
   35.000000000    28.000000000    21.380370449
   36.000000000    28.000000000    23.011150944
   37.000000000    28.000000000    24.702706817
   38.000000000    28.000000000    26.441458735
   39.000000000    28.000000000    28.212517674
   40.000000000    28.000000000    30.000000000

    0.000000000    29.000000000    40.000000000
    1.000000000    29.000000000    37.530981210
    2.000000000    29.000000000    35.084599913
    3.000000000    29.000000000    32.682457577
    4.000000000    29.000000000    30.344281717
    5.000000000    29.000000000    28.087398953
    6.000000000    29.000000000    25.926526367
    7.000000000    29.000000000    23.873816330
    8.000000000    29.000000000    21.939064412
    9.000000000    29.000000000    20.129997732
   10.000000000    29.000000000    18.452583534
   11.000000000    29.000000000    16.911321512
   12.000000000    29.000000000    15.509502205
   13.000000000    29.000000000    14.249426148
   14.000000000    29.000000000    13.132585365
   15.000000000    29.000000000    12.159811862
   16.000000000    29.000000000    11.331398503
   17.000000000    29.000000000    10.647197190
   18.000000000    29.000000000    10.106698291
   19.000000000    29.000000000     9.709094214
   20.000000000    29.000000000     9.453329064
   21.000000000    29.000000000     9.338135576
   22.000000000    29.000000000     9.362059910
   23.000000000    29.000000000     9.523474465
   24.000000000    29.000000000     9.820578459
   25.000000000    29.000000000    10.251385671
   26.000000000    29.000000000    10.813698299
   27.000000000    29.000000000    11.505065346
   28.000000000    29.000000000    12.322723311
   29.000000000    29.000000000    13.263516217
   30.000000000    29.000000000    14.323791357
   31.000000000    29.000000000    15.499266853
   32.000000000    29.000000000    16.784867711
   33.000000000    29.000000000    18.174529411
   34.000000000    29.000000000    19.660973295
   35.000000000    29.000000000    21.235467296
   36.000000000    29.000000000    22.887599661
   37.000000000    29.000000000    24.605111163
   38.000000000    29.000000000    26.373848092
   39.000000000    29.000000000    28.177904121
   40.000000000    29.000000000    30.000000000

    0.000000000    30.000000000    40.000000000
    1.000000000    30.000000000    37.473201625
    2.000000000    30.000000000    34.972154936
    3.000000000    30.000000000    32.521085953
    4.000000000    30.000000000    30.141537010
    5.000000000    30.000000000    27.851748905
    6.000000000    30.000000000    25.666545459
    7.000000000    30.000000000    23.597569436
    8.000000000    30.000000000    21.653703278
    9.000000000    30.000000000    19.841545453
   10.000000000    30.000000000    18.165863053
   11.000000000    30.000000000    16.629982840
   12.000000000    30.000000000    15.236110263
   13.000000000    30.000000000    13.985580863
   14.000000000    30.000000000    12.879054731
   15.000000000    30.000000000    11.916665909
   16.000000000    30.000000000    11.098137406
   17.000000000    30.000000000    10.422870348
   18.000000000    30.000000000     9.890013548
   19.000000000    30.000000000     9.498517837
   20.000000000    30.000000000     9.247177965
   21.000000000    30.000000000     9.134663736
   22.000000000    30.000000000     9.159541201
   23.000000000    30.000000000     9.320284116
   24.000000000    30.000000000     9.615275366
   25.000000000    30.000000000    10.042797522
   26.000000000    30.000000000    10.601011089
   27.000000000    30.000000000    11.287918174
   28.000000000    30.000000000    12.101308205
   29.000000000    30.000000000    13.038680939
   30.000000000    30.000000000    14.097140407
   31.000000000    30.000000000    15.273251885
   32.000000000    30.000000000    16.562853106
   33.000000000    30.000000000    17.960811944
   34.000000000    30.000000000    19.460727467
   35.000000000    30.000000000    21.054582496
   36.000000000    30.000000000    22.732376311
   37.000000000    30.000000000    24.481797299
   38.000000000    30.000000000    26.288032772
   39.000000000    30.000000000    28.133841134
   40.000000000    30.000000000    30.000000000

    0.000000000    31.000000000    40.000000000
    1.000000000    31.000000000    37.399584877
    2.000000000    31.000000000    34.829458305
    3.000000000    31.000000000    32.317528403
    4.000000000    31.000000000    29.887674635
    5.000000000    31.000000000    27.559079010
    6.000000000    31.000000000    25.346356793
    7.000000000    31.000000000    23.260151543
    8.000000000    31.000000000    21.307898974
    9.000000000    31.000000000    19.494571213
   10.000000000    31.000000000    17.823311357
   11.000000000    31.000000000    16.295933313
   12.000000000    31.000000000    14.913296229
   13.000000000    31.000000000    13.675576301
   14.000000000    31.000000000    12.582460807
   15.000000000    31.000000000    11.633286056
   16.000000000    31.000000000    10.827136212
   17.000000000    31.000000000    10.162915305
   18.000000000    31.000000000     9.639400853
   19.000000000    31.000000000     9.255284586
   20.000000000    31.000000000     9.009203620
   21.000000000    31.000000000     8.899763972
   22.000000000    31.000000000     8.925557302
   23.000000000    31.000000000     9.085171069
   24.000000000    31.000000000     9.377191732
   25.000000000    31.000000000     9.800200046
   26.000000000    31.000000000    10.352756760
   27.000000000    31.000000000    11.033375957
   28.000000000    31.000000000    11.840481772
   29.000000000    31.000000000    12.772342053
   30.000000000    31.000000000    13.826969719
   31.000000000    31.000000000    15.001979146
   32.000000000    31.000000000    16.294381432
   33.000000000    31.000000000    17.700300054
   34.000000000    31.000000000    19.214590058
   35.000000000    31.000000000    20.830354030
   36.000000000    31.000000000    22.538373853
   37.000000000    31.000000000    24.326526129
   38.000000000    31.000000000    26.179322836
   39.000000000    31.000000000    28.077799135
   40.000000000    31.000000000    30.000000000

    0.000000000    32.000000000    40.000000000
    1.000000000    32.000000000    37.305299545
    2.000000000    32.000000000    34.647705007
    3.000000000    32.000000000    32.060357328
    4.000000000    32.000000000    29.570049216
    5.000000000    32.000000000    27.196687393
    6.000000000    32.000000000    24.954006506
    7.000000000    32.000000000    22.850820248
    8.000000000    32.000000000    20.892317774
    9.000000000    32.000000000    19.081166579
   10.000000000    32.000000000    17.418354092
   11.000000000    32.000000000    15.903786655
   12.000000000    32.000000000    14.536695788
   13.000000000    32.000000000    13.315904414
   14.000000000    32.000000000    12.239997318
   15.000000000    32.000000000    11.307429044
   16.000000000    32.000000000    10.516592467
   17.000000000    32.000000000     9.865863448
   18.000000000    32.000000000     9.353631351
   19.000000000    32.000000000     8.978321285
   20.000000000    32.000000000     8.738411395
   21.000000000    32.000000000     8.632446900
   22.000000000    32.000000000     8.659051579
   23.000000000    32.000000000     8.816936747
   24.000000000    32.000000000     9.104907302
   25.000000000    32.000000000     9.521863904
   26.000000000    32.000000000    10.066799632
   27.000000000    32.000000000    10.738788284
   28.000000000    32.000000000    11.536959694
   29.000000000    32.000000000    12.460454551
   30.000000000    32.000000000    13.508347118
   31.000000000    32.000000000    14.679518400
   32.000000000    32.000000000    15.972454944
   33.000000000    32.000000000    17.384940207
   34.000000000    32.000000000    18.913599137
   35.000000000    32.000000000    20.553258777
   36.000000000    32.000000000    22.296111112
   37.000000000    32.000000000    24.130729214
   38.000000000    32.000000000    26.041116082
   39.000000000    32.000000000    28.006155353
   40.000000000    32.000000000    30.000000000

    0.000000000    33.000000000    40.000000000
    1.000000000    33.000000000    37.183199334
    2.000000000    33.000000000    34.414190406
    3.000000000    33.000000000    31.733636093
    4.000000000    33.000000000    29.171690559
    5.000000000    33.000000000    26.748188488
    6.000000000    33.000000000    24.474658397
    7.000000000    33.000000000    22.356723177
    8.000000000    33.000000000    20.396168875
    9.000000000    33.000000000    18.592474527
   10.000000000    33.000000000    16.943842158
   11.000000000    33.000000000    15.447844704
   12.000000000    33.000000000    14.101810637
   13.000000000    33.000000000    12.903039245
   14.000000000    33.000000000    11.848912912
   15.000000000    33.000000000    10.936950138
   16.000000000    33.000000000    10.164826735
   17.000000000    33.000000000     9.530381670
   18.000000000    33.000000000     9.031616959
   19.000000000    33.000000000     8.666696642
   20.000000000    33.000000000     8.433947269
   21.000000000    33.000000000     8.331860836
   22.000000000    33.000000000     8.359100363
   23.000000000    33.000000000     8.514507874
   24.000000000    33.000000000     8.797114332
   25.000000000    33.000000000     9.206150815
   26.000000000    33.000000000     9.741059670
   27.000000000    33.000000000    10.401503409
   28.000000000    33.000000000    11.187367220
   29.000000000    33.000000000    12.098747830
   30.000000000    33.000000000    13.135916214
   31.000000000    33.000000000    14.299233549
   32.000000000    33.000000000    15.588987621
   33.000000000    33.000000000    17.005100033
   34.000000000    33.000000000    18.546633898
   35.000000000    33.000000000    20.211013092
   36.000000000    33.000000000    21.992864990
   37.000000000    33.000000000    23.882457547
   38.000000000    33.000000000    25.863886368
   39.000000000    33.000000000    27.913551239
   40.000000000    33.000000000    30.000000000

    0.000000000    34.000000000    40.000000000
    1.000000000    34.000000000    37.022236129
    2.000000000    34.000000000    34.109985921
    3.000000000    34.000000000    31.314723562
    4.000000000    34.000000000    28.669689399
    5.000000000    34.000000000    26.192553147
    6.000000000    34.000000000    23.890165167
    7.000000000    34.000000000    21.762826754
    8.000000000    34.000000000    19.807339454
    9.000000000    34.000000000    18.018923232
   10.000000000    34.000000000    16.392317248
   11.000000000    34.000000000    14.922357588
   12.000000000    34.000000000    13.604245563
   13.000000000    34.000000000    12.433644635
   14.000000000    34.000000000    11.406689447
   15.000000000    34.000000000    10.519954988
   16.000000000    34.000000000     9.770412321
   17.000000000    34.000000000     9.155384559
   18.000000000    34.000000000     8.672509542
   19.000000000    34.000000000     8.319711713
   20.000000000    34.000000000     8.095183666
   21.000000000    34.000000000     7.997376918
   22.000000000    34.000000000     8.025001218
   23.000000000    34.000000000     8.177031754
   24.000000000    34.000000000     8.452723816
   25.000000000    34.000000000     8.851634620
   26.000000000    34.000000000     9.373651938
   27.000000000    34.000000000    10.019028606
   28.000000000    34.000000000    10.788420631
   29.000000000    34.000000000    11.682923730
   30.000000000    34.000000000    12.704097857
   31.000000000    34.000000000    13.853959815
   32.000000000    34.000000000    15.134907895
   33.000000000    34.000000000    16.549516026
   34.000000000    34.000000000    18.100093973
   35.000000000    34.000000000    19.787853551
   36.000000000    34.000000000    21.611460273
   37.000000000    34.000000000    23.564735306
   38.000000000    34.000000000    25.633440599
   39.000000000    34.000000000    27.791702372
   40.000000000    34.000000000    30.000000000

    0.000000000    35.000000000    40.000000000
    1.000000000    35.000000000    36.804293469
    2.000000000    35.000000000    33.705773352
    3.000000000    35.000000000    30.770833010
    4.000000000    35.000000000    28.033053542
    5.000000000    35.000000000    25.503112309
    6.000000000    35.000000000    23.178842903
    7.000000000    35.000000000    21.052116437
    8.000000000    35.000000000    19.112782497
    9.000000000    35.000000000    17.350662399
   10.000000000    35.000000000    15.756426462
   11.000000000    35.000000000    14.321887638
   12.000000000    35.000000000    13.040014705
   13.000000000    35.000000000    11.904826363
   14.000000000    35.000000000    10.911247680
   15.000000000    35.000000000    10.054967533
   16.000000000    35.000000000     9.332313615
   17.000000000    35.000000000     8.740150514
   18.000000000    35.000000000     8.275801188
   19.000000000    35.000000000     7.936989924
   20.000000000    35.000000000     7.721804255
   21.000000000    35.000000000     7.628673414
   22.000000000    35.000000000     7.656361463
   23.000000000    35.000000000     7.803973941
   24.000000000    35.000000000     8.070977645
   25.000000000    35.000000000     8.457233884
   26.000000000    35.000000000     8.963046160
   27.000000000    35.000000000     9.589223490
   28.000000000    35.000000000    10.337160276
   29.000000000    35.000000000    11.208932121
   30.000000000    35.000000000    12.207403199
   31.000000000    35.000000000    13.336332631
   32.000000000    35.000000000    14.600450826
   33.000000000    35.000000000    16.005444731
   34.000000000    35.000000000    17.557731069
   35.000000000    35.000000000    19.263790297
   36.000000000    35.000000000    21.128662171
   37.000000000    35.000000000    23.152979343
   38.000000000    35.000000000    25.327794659
   39.000000000    35.000000000    27.627023655
   40.000000000    35.000000000    30.000000000

    0.000000000    36.000000000    40.000000000
    1.000000000    36.000000000    36.497273082
    2.000000000    36.000000000    33.154114142
    3.000000000    36.000000000    30.053772765
    4.000000000    36.000000000    27.220184128
    5.000000000    36.000000000    24.646900978
    6.000000000    36.000000000    22.315793915
    7.000000000    36.000000000    20.206306613
    8.000000000    36.000000000    18.299296601
    9.000000000    36.000000000    16.578272411
   10.000000000    36.000000000    15.029515054
   11.000000000    36.000000000    13.641784063
   12.000000000    36.000000000    12.405913564
   13.000000000    36.000000000    11.314421138
   14.000000000    36.000000000    10.361171804
   15.000000000    36.000000000     9.541105795
   16.000000000    36.000000000     8.850025834
   17.000000000    36.000000000     8.284435528
   18.000000000    36.000000000     7.841420102
   19.000000000    36.000000000     7.518561715
   20.000000000    36.000000000     7.313883074
   21.000000000    36.000000000     7.225814628
   22.000000000    36.000000000     7.253182154
   23.000000000    36.000000000     7.395213023
   24.000000000    36.000000000     7.651560841
   25.000000000    36.000000000     8.022349585
   26.000000000    36.000000000     8.508239745
   27.000000000    36.000000000     9.110520399
   28.000000000    36.000000000     9.831232453
   29.000000000    36.000000000    10.673329172
   30.000000000    36.000000000    11.640880031
   31.000000000    36.000000000    12.739320908
   32.000000000    36.000000000    13.975744042
   33.000000000    36.000000000    15.359196019
   34.000000000    36.000000000    16.900891758
   35.000000000    36.000000000    18.614115521
   36.000000000    36.000000000    20.513283891
   37.000000000    36.000000000    22.611054925
   38.000000000    36.000000000    24.911375530
   39.000000000    36.000000000    27.395444297
   40.000000000    36.000000000    30.000000000

    0.000000000    37.000000000    40.000000000
    1.000000000    37.000000000    36.038338274
    2.000000000    37.000000000    32.374864975
    3.000000000    37.000000000    29.092604366
    4.000000000    37.000000000    26.176839980
    5.000000000    37.000000000    23.585231414
    6.000000000    37.000000000    21.274369782
    7.000000000    37.000000000    19.207377383
    8.000000000    37.000000000    17.354838337
    9.000000000    37.000000000    15.693792117
   10.000000000    37.000000000    14.206399060
   11.000000000    37.000000000    12.878753067
   12.000000000    37.000000000    11.699937186
   13.000000000    37.000000000    10.661303973
   14.000000000    37.000000000     9.755937202
   15.000000000    37.000000000     8.978252956
   16.000000000    37.000000000     8.323706159
   17.000000000    37.000000000     7.788576642
   18.000000000    37.000000000     7.369815568
   19.000000000    37.000000000     7.064938174
   20.000000000    37.000000000     6.871952790
   21.000000000    37.000000000     6.789319190
   22.000000000    37.000000000     6.815931865
   23.000000000    37.000000000     6.951125998
   24.000000000    37.000000000     7.194705956
   25.000000000    37.000000000     7.546998136
   26.000000000    37.000000000     8.008932263
   27.000000000    37.000000000     8.582157792
   28.000000000    37.000000000     9.269205284
   29.000000000    37.000000000    10.073706691
   30.000000000    37.000000000    11.000693632
   31.000000000    37.000000000    12.056998944
   32.000000000    37.000000000    13.251792849
   33.000000000    37.000000000    14.597286321
   34.000000000    37.000000000    16.109615252
   35.000000000    37.000000000    17.809833732
   36.000000000    37.000000000    19.724660167
   37.000000000    37.000000000    21.885769550
   38.000000000    37.000000000    24.324083108
   39.000000000    37.000000000    27.049840418
   40.000000000    37.000000000    30.000000000

    0.000000000    38.000000000    40.000000000
    1.000000000    38.000000000    35.288385379
    2.000000000    38.000000000    31.228669313
    3.000000000    38.000000000    27.786154642
    4.000000000    38.000000000    24.837287367
    5.000000000    38.000000000    22.277214551
    6.000000000    38.000000000    20.029590738
    7.000000000    38.000000000    18.040236423
    8.000000000    38.000000000    16.270427374
    9.000000000    38.000000000    14.692035885
   10.000000000    38.000000000    13.284265194
   11.000000000    38.000000000    12.031472878
   12.000000000    38.000000000    10.921703442
   13.000000000    38.000000000     9.945682794
   14.000000000    38.000000000     9.096118523
   15.000000000    38.000000000     8.367207068
   16.000000000    38.000000000     7.754284058
   17.000000000    38.000000000     7.253575943
   18.000000000    38.000000000     6.862024865
   19.000000000    38.000000000     6.577167749
   20.000000000    38.000000000     6.397056727
   21.000000000    38.000000000     6.320212331
   22.000000000    38.000000000     6.345604214
   23.000000000    38.000000000     6.472656841
   24.000000000    38.000000000     6.701280054
   25.000000000    38.000000000     7.031926908
   26.000000000    38.000000000     7.465684012
   27.000000000    38.000000000     8.004403135
   28.000000000    38.000000000     8.650887677
   29.000000000    38.000000000     9.409154557
   30.000000000    38.000000000    10.284802585
   31.000000000    38.000000000    11.285534910
   32.000000000    38.000000000    12.421909610
   33.000000000    38.000000000    13.708435439
   34.000000000    38.000000000    15.165198261
   35.000000000    38.000000000    16.820303057
   36.000000000    38.000000000    18.713509760
   37.000000000    38.000000000    20.901257123
   38.000000000    38.000000000    23.461408938
   39.000000000    38.000000000    26.485888669
   40.000000000    38.000000000    30.000000000

    0.000000000    39.000000000    40.000000000
    1.000000000    39.000000000    33.893194631
    2.000000000    39.000000000    29.478524466
    3.000000000    39.000000000    26.005764551
    4.000000000    39.000000000    23.134901265
    5.000000000    39.000000000    20.688703332
    6.000000000    39.000000000    18.564176923
    7.000000000    39.000000000    16.696505154
    8.000000000    39.000000000    15.042475714
    9.000000000    39.000000000    13.572029016
   10.000000000    39.000000000    12.263565765
   11.000000000    39.000000000    11.101160579
   12.000000000    39.000000000    10.072818360
   13.000000000    39.000000000     9.169338160
   14.000000000    39.000000000     8.383549942
   15.000000000    39.000000000     7.709790396
   16.000000000    39.000000000     7.143537774
   17.000000000    39.000000000     6.681155890
   18.000000000    39.000000000     6.319715294
   19.000000000    39.000000000     6.056870557
   20.000000000    39.000000000     5.890779769
   21.000000000    39.000000000     5.820057161
   22.000000000    39.000000000     5.843753402
   23.000000000    39.000000000     5.961360918
   24.000000000    39.000000000     6.172844221
   25.000000000    39.000000000     6.478697824
   26.000000000    39.000000000     6.880037371
   27.000000000    39.000000000     7.378733559
   28.000000000    39.000000000     7.977603964
   29.000000000    39.000000000     8.680686325
   30.000000000    39.000000000     9.493630320
   31.000000000    39.000000000    10.424267678
   32.000000000    39.000000000    11.483460871
   33.000000000    39.000000000    12.686406317
   34.000000000    39.000000000    14.054718539
   35.000000000    39.000000000    15.619942818
   36.000000000    39.000000000    17.429886461
   37.000000000    39.000000000    19.561039628
   38.000000000    39.000000000    22.145611536
   39.000000000    39.000000000    25.437929401
   40.000000000    39.000000000    30.000000000

    0.000000000    40.000000000     0.000000000
    1.000000000    40.000000000    30.811995119
    2.000000000    40.000000000    26.798658606
    3.000000000    40.000000000    23.641604137
    4.000000000    40.000000000    21.031728422
    5.000000000    40.000000000    18.807912120
    6.000000000    40.000000000    16.876524475
    7.000000000    40.000000000    15.178641049
    8.000000000    40.000000000    13.674977922
    9.000000000    40.000000000    12.338208197
   10.000000000    40.000000000    11.148696150
   11.000000000    40.000000000    10.091964163
   12.000000000    40.000000000     9.157107600
   13.000000000    40.000000000     8.335761964
   14.000000000    40.000000000     7.621409038
   15.000000000    40.000000000     7.008900360
   16.000000000    40.000000000     6.494125249
   17.000000000    40.000000000     6.073778082
   18.000000000    40.000000000     5.745195721
   19.000000000    40.000000000     5.506245961
   20.000000000    40.000000000     5.355254335
   21.000000000    40.000000000     5.290961056
   22.000000000    40.000000000     5.312503092
   23.000000000    40.000000000     5.419419016
   24.000000000    40.000000000     5.611676565
   25.000000000    40.000000000     5.889725295
   26.000000000    40.000000000     6.254579428
   27.000000000    40.000000000     6.707939599
   28.000000000    40.000000000     7.252367240
   29.000000000    40.000000000     7.891533023
   30.000000000    40.000000000     8.630573018
   31.000000000    40.000000000     9.476606980
   32.000000000    40.000000000    10.439509882
   33.000000000    40.000000000    11.533096652
   34.000000000    40.000000000    12.777016854
   35.000000000    40.000000000    14.199948016
   36.000000000    40.000000000    15.845351328
   37.000000000    40.000000000    17.782763298
   38.000000000    40.000000000    20.132374124
   39.000000000    40.000000000    23.125390364
   40.000000000    40.000000000     0.000000000
