
    0.000000000     0.000000000    40.000000000
    1.000000000     0.000000000    17.025130542
    2.000000000     0.000000000    12.720961901
    3.000000000     0.000000000    10.092558028
    4.000000000     0.000000000     8.338477617
    5.000000000     0.000000000     7.091708064
    6.000000000     0.000000000     6.164206673
    7.000000000     0.000000000     5.450507198
    8.000000000     0.000000000     4.887112847
    9.000000000     0.000000000     4.433617591
   10.000000000     0.000000000     4.063160877
   11.000000000     0.000000000     3.757253877
   12.000000000     0.000000000     3.502810338
   13.000000000     0.000000000     3.290360662
   14.000000000     0.000000000     3.112935301
   15.000000000     0.000000000     2.965344121
   16.000000000     0.000000000     2.843699454
   17.000000000     0.000000000     2.745094563
   18.000000000     0.000000000     2.667384755
   19.000000000     0.000000000     2.609038834
   20.000000000     0.000000000     2.569040927
   21.000000000     0.000000000     2.546830498
   22.000000000     0.000000000     2.542273606
   23.000000000     0.000000000     2.555662403
   24.000000000     0.000000000     2.587743210
   25.000000000     0.000000000     2.639777044
   26.000000000     0.000000000     2.713640774
   27.000000000     0.000000000     2.811983181
   28.000000000     0.000000000     2.938459640
   29.000000000     0.000000000     3.098084639
   30.000000000     0.000000000     3.297768027
   31.000000000     0.000000000     3.547149014
   32.000000000     0.000000000     3.859932751
   33.000000000     0.000000000     4.256114805
   34.000000000     0.000000000     4.765859459
   35.000000000     0.000000000     5.436656951
   36.000000000     0.000000000     6.347481013
   37.000000000     0.000000000     7.639242798
   38.000000000     0.000000000     9.587084814
   39.000000000     0.000000000    12.791973945
   40.000000000     0.000000000    30.000000000

    0.000000000     1.000000000    40.000000000
    1.000000000     1.000000000    27.240208867
    2.000000000     1.000000000    20.353539042
    3.000000000     1.000000000    16.148092845
    4.000000000     1.000000000    13.341564188
    5.000000000     1.000000000    11.346732903
    6.000000000     1.000000000     9.862730677
    7.000000000     1.000000000     8.720811516
    8.000000000     1.000000000     7.819380555
    9.000000000     1.000000000     7.093788146
   10.000000000     1.000000000     6.501057403
   11.000000000     1.000000000     6.011606203
   12.000000000     1.000000000     5.604496540
   13.000000000     1.000000000     5.264577060
   14.000000000     1.000000000     4.980696482
   15.000000000     1.000000000     4.744550594
   16.000000000     1.000000000     4.549919126
   17.000000000     1.000000000     4.392151301
   18.000000000     1.000000000     4.267815608
   19.000000000     1.000000000     4.174462135
   20.000000000     1.000000000     4.110465484
   21.000000000     1.000000000     4.074928797
   22.000000000     1.000000000     4.067637770
   23.000000000     1.000000000     4.089059845
   24.000000000     1.000000000     4.140389135
   25.000000000     1.000000000     4.223643270
   26.000000000     1.000000000     4.341825239
   27.000000000     1.000000000     4.499173089
   28.000000000     1.000000000     4.701535423
   29.000000000     1.000000000     4.956935422
   30.000000000     1.000000000     5.276428843
   31.000000000     1.000000000     5.675438422
   32.000000000     1.000000000     6.175892402
   33.000000000     1.000000000     6.809783688
   34.000000000     1.000000000     7.625375134
   35.000000000     1.000000000     8.698651122
   36.000000000     1.000000000    10.155969621
   37.000000000     1.000000000    12.222788477
   38.000000000     1.000000000    15.339335702
   39.000000000     1.000000000    20.467158312
   40.000000000     1.000000000    30.000000000

    0.000000000     2.000000000    40.000000000
    1.000000000     2.000000000    31.582194232
    2.000000000     2.000000000    25.304949076
    3.000000000     2.000000000    20.804794469
    4.000000000     2.000000000    17.533065039
    5.000000000     2.000000000    15.091066952
    6.000000000     2.000000000    13.219335649
    7.000000000     2.000000000    11.750816420
    8.000000000     2.000000000    10.576022087
    9.000000000     2.000000000     9.621331686
   10.000000000     2.000000000     8.835929872
   11.000000000     2.000000000     8.183891735
   12.000000000     2.000000000     7.639284864
   13.000000000     2.000000000     7.183062619
   14.000000000     2.000000000     6.801044898
   15.000000000     2.000000000     6.482576447
   16.000000000     2.000000000     6.219618775
   17.000000000     2.000000000     6.006127224
   18.000000000     2.000000000     5.837621093
   19.000000000     2.000000000     5.710888796
   20.000000000     2.000000000     5.623791373
   21.000000000     2.000000000     5.575141616
   22.000000000     2.000000000     5.564645677
   23.000000000     2.000000000     5.592901380
   24.000000000     2.000000000     5.661453823
   25.000000000     2.000000000     5.772915450
   26.000000000     2.000000000     5.931165731
   27.000000000     2.000000000     6.141656560
   28.000000000     2.000000000     6.411865827
   29.000000000     2.000000000     6.751967504
   30.000000000     2.000000000     7.175828964
   31.000000000     2.000000000     7.702518064
   32.000000000     2.000000000     8.358627101
   33.000000000     2.000000000     9.181941180
   34.000000000     2.000000000    10.227370282
   35.000000000     2.000000000    11.576741038
   36.000000000     2.000000000    13.355069511
   37.000000000     2.000000000    15.756690126
   38.000000000     2.000000000    19.080367721
   39.000000000     2.000000000    23.737351947
   40.000000000     2.000000000    30.000000000

    0.000000000     3.000000000    40.000000000
    1.000000000     3.000000000    33.783657853
    2.000000000     3.000000000    28.479346062
    3.000000000     3.000000000    24.233186567
    4.000000000     3.000000000    20.894987635
    5.000000000     3.000000000    18.265323800
    6.000000000     3.000000000    16.172953455
    7.000000000     3.000000000    14.487355278
    8.000000000     3.000000000    13.112850875
    9.000000000     3.000000000    11.979908378
   10.000000000     3.000000000    11.037788964
   11.000000000     3.000000000    10.249122703
   12.000000000     3.000000000     9.586089347
   13.000000000     3.000000000     9.027766050
   14.000000000     3.000000000     8.558285440
   15.000000000     3.000000000     8.165549203
   16.000000000     3.000000000     7.840323446
   17.000000000     3.000000000     7.575599426
   18.000000000     3.000000000     7.366142031
   19.000000000     3.000000000     7.208174438
   20.000000000     3.000000000     7.099164975
   21.000000000     3.000000000     7.037694467
   22.000000000     3.000000000     7.023391220
   23.000000000     3.000000000     7.056927863
   24.000000000     3.000000000     7.140080454
   25.000000000     3.000000000     7.275856636
   26.000000000     3.000000000     7.468707052
   27.000000000     3.000000000     7.724843962
   28.000000000     3.000000000     8.052704580
   29.000000000     3.000000000     8.463616479
   30.000000000     3.000000000     8.972751719
   31.000000000     3.000000000     9.600499478
   32.000000000     3.000000000    10.374447923
   33.000000000     3.000000000    11.332242471
   34.000000000     3.000000000    12.525648665
   35.000000000     3.000000000    14.026062801
   36.000000000     3.000000000    15.931030331
   37.000000000     3.000000000    18.368650433
   38.000000000     3.000000000    21.488170598
   39.000000000     3.000000000    25.401920620
   40.000000000     3.000000000    30.000000000

    0.000000000     4.000000000    40.000000000
    1.000000000     4.000000000    35.073140357
    2.000000000     4.000000000    30.595688926
    3.000000000     4.000000000    26.753764609
    4.000000000     4.000000000    23.548569064
    5.000000000     4.000000000    20.902527322
    6.000000000     4.000000000    18.720084007
    7.000000000     4.000000000    16.913128266
    8.000000000     4.000000000    15.408486632
    9.000000000     4.000000000    14.148069562
   10.000000000     4.000000000    13.086638659
   11.000000000     4.000000000    12.189197970
   12.000000000     4.000000000    11.428691479
   13.000000000     4.000000000    10.784161876
   14.000000000     4.000000000    10.239340769
   15.000000000     4.000000000     9.781591266
   16.000000000     4.000000000     9.401123218
   17.000000000     4.000000000     9.090415213
   18.000000000     4.000000000     8.843792989
   19.000000000     4.000000000     8.657127560
   20.000000000     4.000000000     8.527627166
   21.000000000     4.000000000     8.453705662
   22.000000000     4.000000000     8.434916683
   23.000000000     4.000000000     8.471948592
   24.000000000     4.000000000     8.566680312
   25.000000000     4.000000000     8.722303348
   26.000000000     4.000000000     8.943521010
   27.000000000     4.000000000     9.236842709
   28.000000000     4.000000000     9.610999726
   29.000000000     4.000000000    10.077519282
   30.000000000     4.000000000    10.651505679
   31.000000000     4.000000000    11.352687744
   32.000000000     4.000000000    12.206791486
   33.000000000     4.000000000    13.247259991
   34.000000000     4.000000000    14.517203988
   35.000000000     4.000000000    16.071071309
   36.000000000     4.000000000    17.974532491
   37.000000000     4.000000000    20.298857166
   38.000000000     4.000000000    23.101841782
   39.000000000     4.000000000    26.382209168
   40.000000000     4.000000000    30.000000000

    0.000000000     5.000000000    40.000000000
    1.000000000     5.000000000    35.913274066
    2.000000000     5.000000000    32.076623146
    3.000000000     5.000000000    28.637790669
    4.000000000     5.000000000    25.643230712
    5.000000000     5.000000000    23.076422226
    6.000000000     5.000000000    20.892070795
    7.000000000     5.000000000    19.036982840
    8.000000000     5.000000000    17.460342959
    9.000000000     5.000000000    16.117736408
   10.000000000     5.000000000    14.972033634
   11.000000000     5.000000000    13.992914892
   12.000000000     5.000000000    13.155929388
   13.000000000     5.000000000    12.441494904
   14.000000000     5.000000000    11.833999245
   15.000000000     5.000000000    11.321051514
   16.000000000     5.000000000    10.892883167
   17.000000000     5.000000000    10.541881575
   18.000000000     5.000000000    10.262235106
   19.000000000     5.000000000    10.049670586
   20.000000000     5.000000000     9.901267738
   21.000000000     5.000000000     9.815339264
   22.000000000     5.000000000     9.791369201
   23.000000000     5.000000000     9.830005847
   24.000000000     5.000000000     9.933109047
   25.000000000     5.000000000    10.103855047
   26.000000000     5.000000000    10.346905646
   27.000000000     5.000000000    10.668651798
   28.000000000     5.000000000    11.077544958
   29.000000000     5.000000000    11.584531057
   30.000000000     5.000000000    12.203599419
   31.000000000     5.000000000    12.952446119
   32.000000000     5.000000000    13.853215380
   33.000000000     5.000000000    14.933197671
   34.000000000     5.000000000    16.225179765
   35.000000000     5.000000000    17.766775734
   36.000000000     5.000000000    19.597405155
   37.000000000     5.000000000    21.750580728
   38.000000000     5.000000000    24.238248655
   39.000000000     5.000000000    27.025133681
   40.000000000     5.000000000    30.000000000

    0.000000000     6.000000000    40.000000000
    1.000000000     6.000000000    36.503402129
    2.000000000     6.000000000    33.159877227
    3.000000000     6.000000000    30.077750599
    4.000000000     6.000000000    27.310414095
    5.000000000     6.000000000    24.868198409
    6.000000000     6.000000000    22.735195480
    7.000000000     6.000000000    20.882851281
    8.000000000     6.000000000    19.278685615
    9.000000000     6.000000000    17.891073652
   10.000000000     6.000000000    16.691469725
   11.000000000     6.000000000    15.655170844
   12.000000000     6.000000000    14.761331522
   13.000000000     6.000000000    13.992642912
   14.000000000     6.000000000    13.334897517
   15.000000000     6.000000000    12.776549161
   16.000000000     6.000000000    12.308317167
   17.000000000     6.000000000    11.922852460
   18.000000000     6.000000000    11.614468456
   19.000000000     6.000000000    11.378933279
   20.000000000     6.000000000    11.213317997
   21.000000000     6.000000000    11.115895786
   22.000000000     6.000000000    11.086088176
   23.000000000     6.000000000    11.124456173
   24.000000000     6.000000000    11.232735759
   25.000000000     6.000000000    11.413918895
   26.000000000     6.000000000    11.672382412
   27.000000000     6.000000000    12.014067641
   28.000000000     6.000000000    12.446712448
   29.000000000     6.000000000    12.980132790
   30.000000000     6.000000000    13.626539922
   31.000000000     6.000000000    14.400856059
   32.000000000     6.000000000    15.320945859
   33.000000000     6.000000000    16.407597445
   34.000000000     6.000000000    17.683943002
   35.000000000     6.000000000    19.173785004
   36.000000000     6.000000000    20.898004844
   37.000000000     6.000000000    22.868018303
   38.000000000     6.000000000    25.075576720
   39.000000000     6.000000000    27.480146258
   40.000000000     6.000000000    30.000000000

    0.000000000     7.000000000    40.000000000
    1.000000000     7.000000000    36.940536267
    2.000000000     7.000000000    33.981890638
    3.000000000     7.000000000    31.203155595
    4.000000000     7.000000000    28.652787986
    5.000000000     7.000000000    26.351147378
    6.000000000     7.000000000    24.298118818
    7.000000000     7.000000000    22.481067591
    8.000000000     7.000000000    20.881066743
    9.000000000     7.000000000    19.477057156
   10.000000000     7.000000000    18.248313154
   11.000000000     7.000000000    17.175733313
   12.000000000     7.000000000    16.242397990
   13.000000000     7.000000000    15.433706699
   14.000000000     7.000000000    14.737296389
   15.000000000     7.000000000    14.142861201
   16.000000000     7.000000000    13.641942009
   17.000000000     7.000000000    13.227722241
   18.000000000     7.000000000    12.894848004
   19.000000000     7.000000000    12.639280395
   20.000000000     7.000000000    12.458182606
   21.000000000     7.000000000    12.349842017
   22.000000000     7.000000000    12.313626552
   23.000000000     7.000000000    12.349974481
   24.000000000     7.000000000    12.460417018
   25.000000000     7.000000000    12.647633077
   26.000000000     7.000000000    12.915535060
   27.000000000     7.000000000    13.269382850
   28.000000000     7.000000000    13.715919395
   29.000000000     7.000000000    14.263513753
   30.000000000     7.000000000    14.922283744
   31.000000000     7.000000000    15.704146578
   32.000000000     7.000000000    16.622706670
   33.000000000     7.000000000    17.692829600
   34.000000000     7.000000000    18.929667130
   35.000000000     7.000000000    20.346801941
   36.000000000     7.000000000    21.953122205
   37.000000000     7.000000000    23.748146086
   38.000000000     7.000000000    25.716051248
   39.000000000     7.000000000    27.819953670
   40.000000000     7.000000000    30.000000000

    0.000000000     8.000000000    40.000000000
    1.000000000     8.000000000    37.276940721
    2.000000000     8.000000000    34.624169756
    3.000000000     8.000000000    32.100456233
    4.000000000     8.000000000    29.746783119
    5.000000000     8.000000000    27.585915554
    6.000000000     8.000000000    25.625576439
    7.000000000     8.000000000    23.862822338
    8.000000000     8.000000000    22.288118998
    9.000000000     8.000000000    20.888506951
   10.000000000     8.000000000    19.649789271
   11.000000000     8.000000000    18.557908176
   12.000000000     8.000000000    17.599732116
   13.000000000     8.000000000    16.763450350
   14.000000000     8.000000000    16.038724217
   15.000000000     8.000000000    15.416698360
   16.000000000     8.000000000    14.889939164
   17.000000000     8.000000000    14.452342242
   18.000000000     8.000000000    14.099033935
   19.000000000     8.000000000    13.826281094
   20.000000000     8.000000000    13.631416887
   21.000000000     8.000000000    13.512786519
   22.000000000     8.000000000    13.469714523
   23.000000000     8.000000000    13.502493904
   24.000000000     8.000000000    13.612396455
   25.000000000     8.000000000    13.801702407
   26.000000000     8.000000000    14.073745926
   27.000000000     8.000000000    14.432970093
   28.000000000     8.000000000    14.884980160
   29.000000000     8.000000000    15.436575931
   30.000000000     8.000000000    16.095731511
   31.000000000     8.000000000    16.871471652
   32.000000000     8.000000000    17.773566971
   33.000000000     8.000000000    18.811935918
   34.000000000     8.000000000    19.995605541
   35.000000000     8.000000000    21.331064638
   36.000000000     8.000000000    22.819884155
   37.000000000     8.000000000    24.455655636
   38.000000000     8.000000000    26.220704790
   39.000000000     8.000000000    28.083705583
   40.000000000     8.000000000    30.000000000

    0.000000000     9.000000000    40.000000000
    1.000000000     9.000000000    37.543154307
    2.000000000     9.000000000    35.137585728
    3.000000000     9.000000000    32.828006404
    4.000000000     9.000000000    30.648356508
    5.000000000     9.000000000    28.620630581
    6.000000000     9.000000000    26.756012908
    7.000000000     9.000000000    25.057175275
    8.000000000     9.000000000    23.520809995
    9.000000000     9.000000000    22.139868997
   10.000000000     9.000000000    20.905307030
   11.000000000     9.000000000    19.807322427
   12.000000000     9.000000000    18.836176743
   13.000000000     9.000000000    17.982697337
   14.000000000     9.000000000    17.238558384
   15.000000000     9.000000000    16.596416299
   16.000000000     9.000000000    16.049955235
   17.000000000     9.000000000    15.593881281
   18.000000000     9.000000000    15.223891073
   19.000000000     9.000000000    14.936631290
   20.000000000     9.000000000    14.729659281
   21.000000000     9.000000000    14.601410770
   22.000000000     9.000000000    14.551177767
   23.000000000     9.000000000    14.579097780
   24.000000000     9.000000000    14.686153640
   25.000000000     9.000000000    14.874181561
   26.000000000     9.000000000    15.145882706
   27.000000000     9.000000000    15.504830345
   28.000000000     9.000000000    15.955459948
   29.000000000     9.000000000    16.503022653
   30.000000000     9.000000000    17.153472878
   31.000000000     9.000000000    17.913248100
   32.000000000     9.000000000    18.788883611
   33.000000000     9.000000000    19.786390448
   34.000000000     9.000000000    20.910318283
   35.000000000     9.000000000    22.162442167
   36.000000000     9.000000000    23.540077904
   37.000000000     9.000000000    25.034177425
   38.000000000     9.000000000    26.627600966
   39.000000000     9.000000000    28.294261309
   40.000000000     9.000000000    30.000000000

    0.000000000    10.000000000    40.000000000
    1.000000000    10.000000000    37.758196879
    2.000000000    10.000000000    35.555223991
    3.000000000    10.000000000    33.425942833
    4.000000000    10.000000000    31.398423808
    5.000000000    10.000000000    29.492754852
    6.000000000    10.000000000    27.721283262
    7.000000000    10.000000000    26.089762424
    8.000000000    10.000000000    24.598871559
    9.000000000    10.000000000    23.245730245
   10.000000000    10.000000000    22.025203625
   11.000000000    10.000000000    20.930926029
   12.000000000    10.000000000    19.956049095
   13.000000000    10.000000000    19.093756858
   14.000000000    10.000000000    18.337600548
   15.000000000    10.000000000    17.681702530
   16.000000000    10.000000000    17.120870250
   17.000000000    10.000000000    16.650651449
   18.000000000    10.000000000    16.267353364
   19.000000000    10.000000000    15.968041765
   20.000000000    10.000000000    15.750530396
   21.000000000    10.000000000    15.613367552
   22.000000000    10.000000000    15.555823555
   23.000000000    10.000000000    15.577880645
   24.000000000    10.000000000    15.680224775
   25.000000000    10.000000000    15.864236750
   26.000000000    10.000000000    16.131977794
   27.000000000    10.000000000    16.486161551
   28.000000000    10.000000000    16.930100566
   29.000000000    10.000000000    17.467610053
   30.000000000    10.000000000    18.102845370
   31.000000000    10.000000000    18.840042415
   32.000000000    10.000000000    19.683123704
   33.000000000    10.000000000    20.635130476
   34.000000000    10.000000000    21.697448839
   35.000000000    10.000000000    22.868825287
   36.000000000    10.000000000    24.144225705
   37.000000000    10.000000000    25.513690845
   38.000000000    10.000000000    26.961471862
   39.000000000    10.000000000    28.465844776
   40.000000000    10.000000000    30.000000000

    0.000000000    11.000000000    40.000000000
    1.000000000    11.000000000    37.934523556
    2.000000000    11.000000000    35.899398499
    3.000000000    11.000000000    33.922457332
    4.000000000    11.000000000    32.027091373
    5.000000000    11.000000000    30.231239446
    6.000000000    11.000000000    28.547264467
    7.000000000    11.000000000    26.982481038
    8.000000000    11.000000000    25.540040153
    9.000000000    11.000000000    24.219923238
   10.000000000    11.000000000    23.019881655
   11.000000000    11.000000000    21.936237101
   12.000000000    11.000000000    20.964515716
   13.000000000    11.000000000    20.099922987
   14.000000000    11.000000000    19.337682859
   15.000000000    11.000000000    18.673269361
   16.000000000    11.000000000    18.102557724
   17.000000000    11.000000000    17.621917888
   18.000000000    11.000000000    17.228268478
   19.000000000    11.000000000    16.919104759
   20.000000000    11.000000000    16.692510222
   21.000000000    11.000000000    16.547158224
   22.000000000    11.000000000    16.482307536
   23.000000000    11.000000000    16.497793424
   24.000000000    11.000000000    16.594013953
   25.000000000    11.000000000    16.771909151
   26.000000000    11.000000000    17.032928541
   27.000000000    11.000000000    17.378979962
   28.000000000    11.000000000    17.812349601
   29.000000000    11.000000000    18.335579671
   30.000000000    11.000000000    18.951286514
   31.000000000    11.000000000    19.661898844
   32.000000000    11.000000000    20.469294817
   33.000000000    11.000000000    21.374320281
   34.000000000    11.000000000    22.376182849
   35.000000000    11.000000000    23.471742067
   36.000000000    11.000000000    24.654759072
   37.000000000    11.000000000    25.915228553
   38.000000000    11.000000000    27.238978810
   39.000000000    11.000000000    28.607760259
   40.000000000    11.000000000    30.000000000

    0.000000000    12.000000000    40.000000000
    1.000000000    12.000000000    38.080620984
    2.000000000    12.000000000    36.185632635
    3.000000000    12.000000000    34.337760024
    4.000000000    12.000000000    32.556725949
    5.000000000    12.000000000    30.858442808
    6.000000000    12.000000000    29.254760839
    7.000000000    12.000000000    27.753670469
    8.000000000    12.000000000    26.359799767
    9.000000000    12.000000000    25.075051871
   10.000000000    12.000000000    23.899263383
   11.000000000    12.000000000    22.830808697
   12.000000000    12.000000000    21.867113038
   13.000000000    12.000000000    21.005063773
   14.000000000    12.000000000    20.241325517
   15.000000000    12.000000000    19.572572474
   16.000000000    12.000000000    18.995653836
   17.000000000    12.000000000    18.507707514
   18.000000000    12.000000000    18.106235351
   19.000000000    12.000000000    17.789150381
   20.000000000    12.000000000    17.554804108
   21.000000000    12.000000000    17.401999384
   22.000000000    12.000000000    17.329992363
   23.000000000    12.000000000    17.338485135
   24.000000000    12.000000000    17.427608853
   25.000000000    12.000000000    17.597895442
   26.000000000    12.000000000    17.850234164
   27.000000000    12.000000000    18.185807335
   28.000000000    12.000000000    18.605997482
   29.000000000    12.000000000    19.112256123
   30.000000000    12.000000000    19.705922810
   31.000000000    12.000000000    20.387982520
   32.000000000    12.000000000    21.158751343
   33.000000000    12.000000000    22.017486265
   34.000000000    12.000000000    22.961926855
   35.000000000    12.000000000    23.987796716
   36.000000000    12.000000000    25.088320953
   37.000000000    12.000000000    26.253848848
   38.000000000    12.000000000    27.471698060
   39.000000000    12.000000000    28.726339571
   40.000000000    12.000000000    30.000000000

    0.000000000    13.000000000    40.000000000
    1.000000000    13.000000000    38.202457205
    2.000000000    13.000000000    36.425009153
    3.000000000    13.000000000    34.686609371
    4.000000000    13.000000000    33.004119474
    5.000000000    13.000000000    31.391676431
    6.000000000    13.000000000    29.860414702
    7.000000000    13.000000000    28.418502358
    8.000000000    13.000000000    27.071406423
    9.000000000    13.000000000    25.822292686
   10.000000000    13.000000000    24.672478034
   11.000000000    13.000000000    23.621875925
   12.000000000    13.000000000    22.669398834
   13.000000000    13.000000000    21.813300387
   14.000000000    13.000000000    21.051453098
   15.000000000    13.000000000    20.381565550
   16.000000000    13.000000000    19.801346837
   17.000000000    13.000000000    19.308627346
   18.000000000    13.000000000    18.901444661
   19.000000000    13.000000000    18.578102155
   20.000000000    13.000000000    18.337206377
   21.000000000    13.000000000    18.177687677
   22.000000000    13.000000000    18.098807000
   23.000000000    13.000000000    18.100150221
   24.000000000    13.000000000    18.181610029
   25.000000000    13.000000000    18.343353906
   26.000000000    13.000000000    18.585775398
   27.000000000    13.000000000    18.909424490
   28.000000000    13.000000000    19.314911645
   29.000000000    13.000000000    19.802779100
   30.000000000    13.000000000    20.373332715
   31.000000000    13.000000000    21.026428582
   32.000000000    13.000000000    21.761211531
   33.000000000    13.000000000    22.575808627
   34.000000000    13.000000000    23.466990604
   35.000000000    13.000000000    24.429828357
   36.000000000    13.000000000    25.457389006
   37.000000000    13.000000000    26.540532972
   38.000000000    13.000000000    27.667883105
   39.000000000    13.000000000    28.826029409
   40.000000000    13.000000000    30.000000000

    0.000000000    14.000000000    40.000000000
    1.000000000    14.000000000    38.304334961
    2.000000000    14.000000000    36.625609120
    3.000000000    14.000000000    34.979954317
    4.000000000    14.000000000    33.382002893
    5.000000000    14.000000000    31.844393443
    6.000000000    14.000000000    30.377507735
    7.000000000    14.000000000    28.989425390
    8.000000000    14.000000000    27.686051827
    9.000000000    14.000000000    26.471362464
   10.000000000    14.000000000    25.347708336
   11.000000000    14.000000000    24.316138904
   12.000000000    14.000000000    23.376711180
   13.000000000    14.000000000    22.528766802
   14.000000000    14.000000000    21.771168531
   15.000000000    14.000000000    21.102494478
   16.000000000    14.000000000    20.521192494
   17.000000000    14.000000000    20.025699265
   18.000000000    14.000000000    19.614529283
   19.000000000    14.000000000    19.286338717
   20.000000000    14.000000000    19.039968426
   21.000000000    14.000000000    18.874469447
   22.000000000    14.000000000    18.789113199
   23.000000000    14.000000000    18.783387569
   24.000000000    14.000000000    18.856978962
   25.000000000    14.000000000    19.009739371
   26.000000000    14.000000000    19.241636545
   27.000000000    14.000000000    19.552684454
   28.000000000    14.000000000    19.942850611
   29.000000000    14.000000000    20.411936588
   30.000000000    14.000000000    20.959428466
   31.000000000    14.000000000    21.584315513
   32.000000000    14.000000000    22.284878425
   33.000000000    14.000000000    23.058453572
   34.000000000    14.000000000    23.901187055
   35.000000000    14.000000000    24.807801737
   36.000000000    14.000000000    25.771410433
   37.000000000    14.000000000    26.783416368
   38.000000000    14.000000000    27.833543667
   39.000000000    14.000000000    28.910031224
   40.000000000    14.000000000    30.000000000

    0.000000000    15.000000000    40.000000000
    1.000000000    15.000000000    38.389416093
    2.000000000    15.000000000    36.793422315
    3.000000000    15.000000000    35.226020090
    4.000000000    15.000000000    33.700105869
    5.000000000    15.000000000    32.227082106
    6.000000000    15.000000000    30.816622373
    7.000000000    15.000000000    29.476589093
    8.000000000    15.000000000    28.213081119
    9.000000000    15.000000000    27.030577140
   10.000000000    15.000000000    25.932138844
   11.000000000    15.000000000    24.919641923
   12.000000000    15.000000000    23.994010257
   13.000000000    15.000000000    23.155436450
   14.000000000    15.000000000    22.403578796
   15.000000000    15.000000000    21.737730110
   16.000000000    15.000000000    21.156957550
   17.000000000    15.000000000    20.660214808
   18.000000000    15.000000000    20.246429190
   19.000000000    15.000000000    19.914566466
   20.000000000    15.000000000    19.663676218
   21.000000000    15.000000000    19.492919930
   22.000000000    15.000000000    19.401583449
   23.000000000    15.000000000    19.389074722
   24.000000000    15.000000000    19.454906969
   25.000000000    15.000000000    19.598666773
   26.000000000    15.000000000    19.819965926
   27.000000000    15.000000000    20.118375419
   28.000000000    15.000000000    20.493339738
   29.000000000    15.000000000    20.944069823
   30.000000000    15.000000000    21.469413848
   31.000000000    15.000000000    22.067706612
   32.000000000    15.000000000    22.736601076
   33.000000000    15.000000000    23.472889545
   34.000000000    15.000000000    24.272327191
   35.000000000    15.000000000    25.129476423
   36.000000000    15.000000000    26.037596091
   37.000000000    15.000000000    26.988602562
   38.000000000    15.000000000    27.973128206
   39.000000000    15.000000000    28.980694377
   40.000000000    15.000000000    30.000000000

    0.000000000    16.000000000    40.000000000
    1.000000000    16.000000000    38.460055408
    2.000000000    16.000000000    36.932939665
    3.000000000    16.000000000    35.431039143
    4.000000000    16.000000000    33.965902521
    5.000000000    16.000000000    32.547930126
    6.000000000    16.000000000    31.186168735
    7.000000000    16.000000000    29.888215167
    8.000000000    16.000000000    28.660217499
    9.000000000    16.000000000    27.506953773
   10.000000000    16.000000000    26.431964607
   11.000000000    16.000000000    25.437717062
   12.000000000    16.000000000    24.525780733
   13.000000000    16.000000000    23.697001656
   14.000000000    16.000000000    22.951664319
   15.000000000    16.000000000    22.289635974
   16.000000000    16.000000000    21.710490510
   17.000000000    16.000000000    21.213611229
   18.000000000    16.000000000    20.798273150
   19.000000000    16.000000000    20.463706124
   20.000000000    16.000000000    20.209140255
   21.000000000    16.000000000    20.033834974
   22.000000000    16.000000000    19.937092862
   23.000000000    16.000000000    19.918258854
   24.000000000    16.000000000    19.976705080
   25.000000000    16.000000000    20.111801110
   26.000000000    16.000000000    20.322869108
   27.000000000    16.000000000    20.609123175
   28.000000000    16.000000000    20.969592256
   29.000000000    16.000000000    21.403026389
   30.000000000    16.000000000    21.907787014
   31.000000000    16.000000000    22.481723549
   32.000000000    16.000000000    23.122040704
   33.000000000    16.000000000    23.825163925
   34.000000000    16.000000000    24.586613831
   35.000000000    16.000000000    25.400903987
   36.000000000    16.000000000    26.261479021
   37.000000000    16.000000000    27.160710817
   38.000000000    16.000000000    28.089967896
   39.000000000    16.000000000    29.039766373
   40.000000000    16.000000000    30.000000000

    0.000000000    17.000000000    40.000000000
    1.000000000    17.000000000    38.518019350
    2.000000000    17.000000000    37.047547801
    3.000000000    17.000000000    35.599750945
    4.000000000    17.000000000    34.185139425
    5.000000000    17.000000000    32.813315717
    6.000000000    17.000000000    31.492795335
    7.000000000    17.000000000    30.230907408
    8.000000000    17.000000000    29.033769710
    9.000000000    17.000000000    27.906326237
   10.000000000    17.000000000    26.852431919
   11.000000000    17.000000000    25.874968412
   12.000000000    17.000000000    24.975976463
   13.000000000    17.000000000    24.156792954
   14.000000000    17.000000000    23.418183724
   15.000000000    17.000000000    22.760466125
   16.000000000    17.000000000    22.183617608
   17.000000000    17.000000000    21.687368452
   18.000000000    17.000000000    21.271278013
   19.000000000    17.000000000    20.934794627
   20.000000000    17.000000000    20.677299725
   21.000000000    17.000000000    20.498136836
   22.000000000    17.000000000    20.396626093
   23.000000000    17.000000000    20.372064707
   24.000000000    17.000000000    20.423713643
   25.000000000    17.000000000    20.550770569
   26.000000000    17.000000000    20.752329004
   27.000000000    17.000000000    21.027323653
   28.000000000    17.000000000    21.374462126
   29.000000000    17.000000000    21.792143781
   30.000000000    17.000000000    22.278367332
   31.000000000    17.000000000    22.830630148
   32.000000000    17.000000000    23.445823935
   33.000000000    17.000000000    24.120133588
   34.000000000    17.000000000    24.848948194
   35.000000000    17.000000000    25.626795170
   36.000000000    17.000000000    26.447309601
   37.000000000    17.000000000    27.303250388
   38.000000000    17.000000000    28.186572161
   39.000000000    17.000000000    29.088556677
   40.000000000    17.000000000    30.000000000

    0.000000000    18.000000000    40.000000000
    1.000000000    18.000000000    38.564632237
    2.000000000    18.000000000    37.139796360
    3.000000000    18.000000000    35.735747656
    4.000000000    18.000000000    34.362210988
    5.000000000    18.000000000    33.028168846
    6.000000000    18.000000000    31.741703979
    7.000000000    18.000000000    30.509901919
    8.000000000    18.000000000    29.338811699
    9.000000000    18.000000000    28.233457758
   10.000000000    18.000000000    27.197892772
   11.000000000    18.000000000    26.235279912
   12.000000000    18.000000000    25.347993377
   13.000000000    18.000000000    24.537727461
   14.000000000    18.000000000    23.805606260
   15.000000000    18.000000000    23.152288166
   16.000000000    18.000000000    22.578061050
   17.000000000    18.000000000    22.082925588
   18.000000000    18.000000000    21.666665300
   19.000000000    18.000000000    21.328902703
   20.000000000    18.000000000    21.069141441
   21.000000000    18.000000000    20.886794591
   22.000000000    18.000000000    20.781199409
   23.000000000    18.000000000    20.751618814
   24.000000000    18.000000000    20.797229856
   25.000000000    18.000000000    20.917099410
   26.000000000    18.000000000    21.110147358
   27.000000000    18.000000000    21.375097695
   28.000000000    18.000000000    21.710418328
   29.000000000    18.000000000    22.114250875
   30.000000000    18.000000000    22.584332625
   31.000000000    18.000000000    23.117913874
   32.000000000    18.000000000    23.711675199
   33.000000000    18.000000000    24.361650696
   34.000000000    18.000000000    25.063164594
   35.000000000    18.000000000    25.810789682
   36.000000000    18.000000000    26.598336233
   37.000000000    18.000000000    27.418879166
   38.000000000    18.000000000    28.264828764
   39.000000000    18.000000000    29.128046204
   40.000000000    18.000000000    30.000000000

    0.000000000    19.000000000    40.000000000
    1.000000000    19.000000000    38.600875241
    2.000000000    19.000000000    37.211580753
    3.000000000    19.000000000    35.841714346
    4.000000000    19.000000000    34.500426084
    5.000000000    19.000000000    33.196234860
    6.000000000    19.000000000    31.936887209
    7.000000000    19.000000000    30.729263436
    8.000000000    19.000000000    29.579331055
    9.000000000    19.000000000    28.492141285
   10.000000000    19.000000000    27.471861509
   11.000000000    19.000000000    26.521835141
   12.000000000    19.000000000    25.644660093
   13.000000000    19.000000000    24.842277735
   14.000000000    19.000000000    24.116065382
   15.000000000    19.000000000    23.466926790
   16.000000000    19.000000000    22.895376505
   17.000000000    19.000000000    22.401615210
   18.000000000    19.000000000    21.985594180
   19.000000000    19.000000000    21.647067773
   20.000000000    19.000000000    21.385633429
   21.000000000    19.000000000    21.200758987
   22.000000000    19.000000000    21.091797386
   23.000000000    19.000000000    21.057988896
   24.000000000    19.000000000    21.098451155
   25.000000000    19.000000000    21.212157336
   26.000000000    19.000000000    21.397902922
   27.000000000    19.000000000    21.654261824
   28.000000000    19.000000000    21.979532926
   29.000000000    19.000000000    22.371678706
   30.000000000    19.000000000    22.828258314
   31.000000000    19.000000000    23.346358373
   32.000000000    19.000000000    23.922525828
   33.000000000    19.000000000    24.552708146
   34.000000000    19.000000000    25.232207105
   35.000000000    19.000000000    25.955652812
   36.000000000    19.000000000    26.717004470
   37.000000000    19.000000000    27.509583246
   38.000000000    19.000000000    28.326140493
   39.000000000    19.000000000    29.158961360
   40.000000000    19.000000000    30.000000000

    0.000000000    20.000000000    40.000000000
    1.000000000    20.000000000    38.627453305
    2.000000000    20.000000000    37.264266706
    3.000000000    20.000000000    35.919594814
    4.000000000    20.000000000    34.602195306
    5.000000000    20.000000000    33.320263697
    6.000000000    20.000000000    32.081303214
    7.000000000    20.000000000    30.892034574
    8.000000000    20.000000000    29.758346382
    9.000000000    20.000000000    28.685283330
   10.000000000    20.000000000    27.677066847
   11.000000000    20.000000000    26.737141364
   12.000000000    20.000000000    25.868238859
   13.000000000    20.000000000    25.072454658
   14.000000000    20.000000000    24.351328238
   15.000000000    20.000000000    23.705923859
   16.000000000    20.000000000    23.136906981
   17.000000000    20.000000000    22.644613481
   18.000000000    20.000000000    22.229109617
   19.000000000    20.000000000    21.890241399
   20.000000000    20.000000000    21.627672619
   21.000000000    20.000000000    21.440911145
   22.000000000    20.000000000    21.329323397
   23.000000000    20.000000000    21.292137087
   24.000000000    20.000000000    21.328432475
   25.000000000    20.000000000    21.437122527
   26.000000000    20.000000000    21.616922567
   27.000000000    20.000000000    21.866310303
   28.000000000    20.000000000    22.183477473
   29.000000000    20.000000000    22.566274908
   30.000000000    20.000000000    23.012153440
   31.000000000    20.000000000    23.518103875
   32.000000000    20.000000000    24.080600061
   33.000000000    20.000000000    24.695549863
   34.000000000    20.000000000    25.358259425
   35.000000000    20.000000000    26.063416305
   36.000000000    20.000000000    26.805096685
   37.000000000    20.000000000    27.576800721
   38.000000000    20.000000000    28.371518209
   39.000000000    20.000000000    29.181824056
   40.000000000    20.000000000    30.000000000

    0.000000000    21.000000000    40.000000000
    1.000000000    21.000000000    38.644839290
    2.000000000    21.000000000    37.298772953
    3.000000000    21.000000000    35.970702816
    4.000000000    21.000000000    34.669158381
    5.000000000    21.000000000    33.402140913
    6.000000000    21.000000000    32.176999580
    7.000000000    21.000000000    31.000344175
    8.000000000    21.000000000    29.877995286
    9.000000000    21.000000000    28.814969567
   10.000000000    21.000000000    27.815495416
   11.000000000    21.000000000    26.883052970
   12.000000000    21.000000000    26.020431774
   13.000000000    21.000000000    25.229799662
   14.000000000    21.000000000    24.512777065
   15.000000000    21.000000000    23.870511827
   16.000000000    21.000000000    23.303750667
   17.000000000    21.000000000    22.812904338
   18.000000000    21.000000000    22.398104421
   19.000000000    21.000000000    22.059250355
   20.000000000    21.000000000    21.796045864
   21.000000000    21.000000000    21.608024327
   22.000000000    21.000000000    21.494562946
   23.000000000    21.000000000    21.454885745
   24.000000000    21.000000000    21.488055650
   25.000000000    21.000000000    21.592956046
   26.000000000    21.000000000    21.768262434
   27.000000000    21.000000000    22.012405103
   28.000000000    21.000000000    22.323524094
   29.000000000    21.000000000    22.699418256
   30.000000000    21.000000000    23.137490773
   31.000000000    21.000000000    23.634694268
   32.000000000    21.000000000    24.187479282
   33.000000000    21.000000000    24.791750624
   34.000000000    21.000000000    25.442836534
   35.000000000    21.000000000    26.135475719
   36.000000000    21.000000000    26.863826924
   37.000000000    21.000000000    27.621504609
   38.000000000    21.000000000    28.401642531
   39.000000000    21.000000000    29.196984654
   40.000000000    21.000000000    30.000000000

    0.000000000    22.000000000    40.000000000
    1.000000000    22.000000000    38.653300958
    2.000000000    22.000000000    37.315622060
    3.000000000    22.000000000    35.995791091
    4.000000000    22.000000000    34.702264261
    5.000000000    22.000000000    33.442971433
    6.000000000    22.000000000    32.225194006
    7.000000000    22.000000000    31.055479730
    8.000000000    22.000000000    29.939594992
    9.000000000    22.000000000    28.882511851
   10.000000000    22.000000000    27.888424860
   11.000000000    22.000000000    26.960791425
   12.000000000    22.000000000    26.102389054
   13.000000000    22.000000000    25.315383144
   14.000000000    22.000000000    24.601399671
   15.000000000    22.000000000    23.961598096
   16.000000000    22.000000000    23.396740793
   17.000000000    22.000000000    22.907256240
   18.000000000    22.000000000    22.493294023
   19.000000000    22.000000000    22.154770378
   20.000000000    22.000000000    21.891403465
   21.000000000    22.000000000    21.702737974
   22.000000000    22.000000000    21.588158925
   23.000000000    22.000000000    21.546894699
   24.000000000    22.000000000    21.578009536
   25.000000000    22.000000000    21.680385865
   26.000000000    22.000000000    21.852697061
   27.000000000    22.000000000    22.093371464
   28.000000000    22.000000000    22.400548880
   29.000000000    22.000000000    22.772031225
   30.000000000    22.000000000    23.205229589
   31.000000000    22.000000000    23.697110639
   32.000000000    22.000000000    24.244146032
   33.000000000    22.000000000    24.842269182
   34.000000000    22.000000000    25.486844257
   35.000000000    22.000000000    26.172652463
   36.000000000    22.000000000    26.893900386
   37.000000000    22.000000000    27.644254180
   38.000000000    22.000000000    28.416901674
   39.000000000    22.000000000    29.204642066
   40.000000000    22.000000000    30.000000000

    0.000000000    23.000000000    40.000000000
    1.000000000    23.000000000    38.652913916
    2.000000000    23.000000000    37.314965043
    3.000000000    23.000000000    35.995085304
    4.000000000    23.000000000    34.701811334
    5.000000000    23.000000000    33.443122707
    6.000000000    23.000000000    32.226317237
    7.000000000    23.000000000    31.057927391
    8.000000000    23.000000000    29.943677392
    9.000000000    23.000000000    28.888477002
   10.000000000    23.000000000    27.896445742
   11.000000000    23.000000000    26.970960260
   12.000000000    23.000000000    26.114717525
   13.000000000    23.000000000    25.329807147
   14.000000000    23.000000000    24.617787157
   15.000000000    23.000000000    23.979758688
   16.000000000    23.000000000    23.416436137
   17.000000000    23.000000000    22.928210328
   18.000000000    23.000000000    22.515203037
   19.000000000    23.000000000    22.177311809
   20.000000000    23.000000000    21.914244508
   21.000000000    23.000000000    21.725543300
   22.000000000    23.000000000    21.610598027
   23.000000000    23.000000000    21.568649059
   24.000000000    23.000000000    21.598779823
   25.000000000    23.000000000    21.699899327
   26.000000000    23.000000000    21.870715160
   27.000000000    23.000000000    22.109697663
   28.000000000    23.000000000    22.415036270
   29.000000000    23.000000000    22.784589499
   30.000000000    23.000000000    23.215830592
   31.000000000    23.000000000    23.705791564
   32.000000000    23.000000000    24.251009197
   33.000000000    23.000000000    24.847477349
   34.000000000    23.000000000    25.490610708
   35.000000000    23.000000000    26.175225559
   36.000000000    23.000000000    26.895543102
   37.000000000    23.000000000    27.645220070
   38.000000000    23.000000000    28.417409688
   39.000000000    23.000000000    29.204853348
   40.000000000    23.000000000    30.000000000

    0.000000000    24.000000000    40.000000000
    1.000000000    24.000000000    38.643561807
    2.000000000    24.000000000    37.296582122
    3.000000000    24.000000000    35.968285943
    4.000000000    24.000000000    34.667451066
    5.000000000    24.000000000    33.402230458
    6.000000000    24.000000000    32.180020926
    7.000000000    24.000000000    31.007381595
    8.000000000    24.000000000    29.889999812
    9.000000000    24.000000000    28.832697939
   10.000000000    24.000000000    27.839472263
   11.000000000    24.000000000    26.913554702
   12.000000000    24.000000000    26.057488639
   13.000000000    24.000000000    25.273211467
   14.000000000    24.000000000    24.562137995
   15.000000000    24.000000000    23.925240352
   16.000000000    24.000000000    23.363121344
   17.000000000    24.000000000    22.876079259
   18.000000000    24.000000000    22.464162944
   19.000000000    24.000000000    22.127216510
   20.000000000    24.000000000    21.864913410
   21.000000000    24.000000000    21.676779868
   22.000000000    24.000000000    21.562207743
   23.000000000    24.000000000    21.520456991
   24.000000000    24.000000000    21.550647905
   25.000000000    24.000000000    21.651743360
   26.000000000    24.000000000    21.822521364
   27.000000000    24.000000000    22.061538351
   28.000000000    24.000000000    22.367083924
   29.000000000    24.000000000    22.737128142
   30.000000000    24.000000000    23.169263010
   31.000000000    24.000000000    23.660640624
   32.000000000    24.000000000    24.207911356
   33.000000000    24.000000000    24.807166590
   34.000000000    24.000000000    25.453891651
   35.000000000    24.000000000    26.142935509
   36.000000000    24.000000000    26.868504324
   37.000000000    24.000000000    27.624185450
   38.000000000    24.000000000    28.403006851
   39.000000000    24.000000000    29.197533764
   40.000000000    24.000000000    30.000000000

    0.000000000    25.000000000    40.000000000
    1.000000000    25.000000000    38.624923380
    2.000000000    25.000000000    37.259859015
    3.000000000    25.000000000    35.914537612
    4.000000000    25.000000000    34.598154712
    5.000000000    25.000000000    33.319166986
    6.000000000    25.000000000    32.085150762
    7.000000000    25.000000000    30.902724946
    8.000000000    25.000000000    29.777532294
    9.000000000    25.000000000    28.714267976
   10.000000000    25.000000000    27.716742498
   11.000000000    25.000000000    26.787966442
   12.000000000    25.000000000    25.930246335
   13.000000000    25.000000000    25.145283288
   14.000000000    25.000000000    24.434268395
   15.000000000    25.000000000    23.797970909
   16.000000000    25.000000000    23.236816789
   17.000000000    25.000000000    22.750956345
   18.000000000    25.000000000    22.340320505
   19.000000000    25.000000000    22.004665653
   20.000000000    25.000000000    21.743607286
   21.000000000    25.000000000    21.556642776
   22.000000000    25.000000000    21.443163582
   23.000000000    25.000000000    21.402457128
   24.000000000    25.000000000    21.433698534
   25.000000000    25.000000000    21.535932286
   26.000000000    25.000000000    21.708043879
   27.000000000    25.000000000    21.948721545
   28.000000000    25.000000000    22.256408290
   29.000000000    25.000000000    22.629244809
   30.000000000    25.000000000    23.065004389
   31.000000000    25.000000000    23.561021740
   32.000000000    25.000000000    24.114118868
   33.000000000    25.000000000    24.720532591
   34.000000000    25.000000000    25.375850043
   35.000000000    25.000000000    26.074960268
   36.000000000    25.000000000    26.812031348
   37.000000000    25.000000000    27.580522831
   38.000000000    25.000000000    28.373241782
   39.000000000    25.000000000    29.182447028
   40.000000000    25.000000000    30.000000000

    0.000000000    26.000000000    40.000000000
    1.000000000    26.000000000    38.596444267
    2.000000000    26.000000000    37.203735026
    3.000000000    26.000000000    35.832361258
    4.000000000    26.000000000    34.492138921
    5.000000000    26.000000000    33.191968836
    6.000000000    26.000000000    31.939682939
    7.000000000    26.000000000    30.741977689
    8.000000000    26.000000000    29.604421756
    9.000000000    26.000000000    28.531519325
   10.000000000    26.000000000    27.526809541
   11.000000000    26.000000000    26.592985005
   12.000000000    26.000000000    25.732016035
   13.000000000    26.000000000    24.945271402
   14.000000000    26.000000000    24.233629721
   15.000000000    26.000000000    23.597578309
   16.000000000    26.000000000    23.037298183
   17.000000000    26.000000000    22.552735050
   18.000000000    26.000000000    22.143656785
   19.000000000    26.000000000    21.809698193
   20.000000000    26.000000000    21.550393914
   21.000000000    26.000000000    21.365200230
   22.000000000    26.000000000    21.253506353
   23.000000000    26.000000000    21.214635569
   24.000000000    26.000000000    21.247836373
   25.000000000    26.000000000    21.352263492
   26.000000000    26.000000000    21.526948555
   27.000000000    26.000000000    21.770759997
   28.000000000    26.000000000    22.082351829
   29.000000000    26.000000000    22.460101068
   30.000000000    26.000000000    22.902034104
   31.000000000    26.000000000    23.405743108
   32.000000000    26.000000000    23.968294985
   33.000000000    26.000000000    24.586137310
   34.000000000    26.000000000    25.255008315
   35.000000000    26.000000000    25.969860909
   36.000000000    26.000000000    26.724813633
   37.000000000    26.000000000    27.513143169
   38.000000000    26.000000000    28.327332462
   39.000000000    26.000000000    29.159184115
   40.000000000    26.000000000    30.000000000

    0.000000000    27.000000000    40.000000000
    1.000000000    27.000000000    38.557288945
    2.000000000    27.000000000    37.126615079
    3.000000000    27.000000000    35.719540129
    4.000000000    27.000000000    34.346741549
    5.000000000    27.000000000    33.017717045
    6.000000000    27.000000000    31.740619775
    7.000000000    27.000000000    30.522215105
    8.000000000    27.000000000    29.367933397
    9.000000000    27.000000000    28.281987528
   10.000000000    27.000000000    27.267525969
   11.000000000    27.000000000    26.326798309
   12.000000000    27.000000000    25.461317198
   13.000000000    27.000000000    24.672007031
   14.000000000    27.000000000    23.959334505
   15.000000000    27.000000000    23.323419483
   16.000000000    27.000000000    22.764126618
   17.000000000    27.000000000    22.281139169
   18.000000000    27.000000000    21.874016909
   19.000000000    27.000000000    21.542239954
   20.000000000    27.000000000    21.285240164
   21.000000000    27.000000000    21.102421393
   22.000000000    27.000000000    20.993169508
   23.000000000    27.000000000    20.956852651
   24.000000000    27.000000000    20.992811859
   25.000000000    27.000000000    21.100341729
   26.000000000    27.000000000    21.278660480
   27.000000000    27.000000000    21.526868420
   28.000000000    27.000000000    21.843893644
   29.000000000    27.000000000    22.228423715
   30.000000000    27.000000000    22.678822364
   31.000000000    27.000000000    23.193030988
   32.000000000    27.000000000    23.768456216
   33.000000000    27.000000000    24.401847230
   34.000000000    27.000000000    25.089170204
   35.000000000    27.000000000    25.825491884
   36.000000000    27.000000000    26.604889703
   37.000000000    27.000000000    27.420410350
   38.000000000    27.000000000    28.264100261
   39.000000000    27.000000000    29.127127234
   40.000000000    27.000000000    30.000000000

    0.000000000    28.000000000    40.000000000
    1.000000000    28.000000000    38.506264770
    2.000000000    28.000000000    37.026231850
    3.000000000    28.000000000    35.572943494
    4.000000000    28.000000000    34.158233104
    5.000000000    28.000000000    32.792359079
    6.000000000    28.000000000    31.483838056
    7.000000000    28.000000000    30.239450588
    8.000000000    28.000000000    29.064370297
    9.000000000    28.000000000    27.962364813
   10.000000000    28.000000000    26.936025596
   11.000000000    28.000000000    25.986996508
   12.000000000    28.000000000    25.116183149
   13.000000000    28.000000000    24.323934339
   14.000000000    28.000000000    23.610193408
   15.000000000    28.000000000    22.974620648
   16.000000000    28.000000000    22.416690081
   17.000000000    28.000000000    21.935764261
   18.000000000    28.000000000    21.531150745
   19.000000000    28.000000000    21.202143361
   20.000000000    28.000000000    20.948050807
   21.000000000    28.000000000    20.768214461
   22.000000000    28.000000000    20.662016616
   23.000000000    28.000000000    20.628879775
   24.000000000    28.000000000    20.668257055
   25.000000000    28.000000000    20.779613148
   26.000000000    28.000000000    20.962394745
   27.000000000    28.000000000    21.215988771
   28.000000000    28.000000000    21.539666231
   29.000000000    28.000000000    21.932509111
   30.000000000    28.000000000    22.393317624
   31.000000000    28.000000000    22.920495541
   32.000000000    28.000000000    23.511912644
   33.000000000    28.000000000    24.164746113
   34.000000000    28.000000000    24.875307337
   35.000000000    28.000000000    25.638867690
   36.000000000    28.000000000    26.449505880
   37.000000000    28.000000000    27.300009076
   38.000000000    28.000000000    28.181866595
   39.000000000    28.000000000    29.085392879
   40.000000000    28.000000000    30.000000000

    0.000000000    29.000000000    40.000000000
    1.000000000    29.000000000    38.441704021
    2.000000000    29.000000000    36.899434514
    3.000000000    29.000000000    35.388262026
    4.000000000    29.000000000    33.921541063
    5.000000000    29.000000000    32.510456494
    6.000000000    29.000000000    31.163881792
    7.000000000    29.000000000    29.888482619
    8.000000000    29.000000000    28.688974023
    9.000000000    29.000000000    27.568447719
   10.000000000    29.000000000    26.528708774
   11.000000000    29.000000000    25.570585238
   12.000000000    29.000000000    24.694193491
   13.000000000    29.000000000    23.899154852
   14.000000000    29.000000000    23.184766259
   15.000000000    29.000000000    22.550131171
   16.000000000    29.000000000    21.994257745
   17.000000000    29.000000000    21.516131011
   18.000000000    29.000000000    21.114764761
   19.000000000    29.000000000    20.789237731
   20.000000000    29.000000000    20.538717541
   21.000000000    29.000000000    20.362474807
   22.000000000    29.000000000    20.259888992
   23.000000000    29.000000000    20.230446686
   24.000000000    29.000000000    20.273732320
   25.000000000    29.000000000    20.389410529
   26.000000000    29.000000000    20.577198605
   27.000000000    29.000000000    20.836826665
   28.000000000    29.000000000    21.167982228
   29.000000000    29.000000000    21.570235019
   30.000000000    29.000000000    22.042937042
   31.000000000    29.000000000    22.585092676
   32.000000000    29.000000000    23.195194229
   33.000000000    29.000000000    23.871020861
   34.000000000    29.000000000    24.609404256
   35.000000000    29.000000000    25.405973960
   36.000000000    29.000000000    26.254909752
   37.000000000    29.000000000    27.148746559
   38.000000000    29.000000000    28.078294582
   39.000000000    29.000000000    29.032743406
   40.000000000    29.000000000    30.000000000

    0.000000000    30.000000000    40.000000000
    1.000000000    30.000000000    38.361279300
    2.000000000    30.000000000    36.741864151
    3.000000000    30.000000000    35.159612523
    4.000000000    30.000000000    33.629852638
    5.000000000    30.000000000    32.164836619
    6.000000000    30.000000000    30.773690260
    7.000000000    30.000000000    29.462706218
    8.000000000    30.000000000    28.235812815
    9.000000000    30.000000000    27.095088329
   10.000000000    30.000000000    26.041241018
   11.000000000    30.000000000    25.074017038
   12.000000000    30.000000000    24.192526255
   13.000000000    30.000000000    23.395491185
   14.000000000    30.000000000    22.681430927
   15.000000000    30.000000000    22.048793427
   16.000000000    30.000000000    21.496048388
   17.000000000    30.000000000    21.021751081
   18.000000000    30.000000000    20.624585075
   19.000000000    30.000000000    20.303389887
   20.000000000    30.000000000    20.057177816
   21.000000000    30.000000000    19.885142841
   22.000000000    30.000000000    19.786663344
   23.000000000    30.000000000    19.761299407
   24.000000000    30.000000000    19.808784614
   25.000000000    30.000000000    19.929011355
   26.000000000    30.000000000    20.122007708
   27.000000000    30.000000000    20.387902820
   28.000000000    30.000000000    20.726876415
   29.000000000    30.000000000    21.139086439
   30.000000000    30.000000000    21.624567208
   31.000000000    30.000000000    22.183088843
   32.000000000    30.000000000    22.813967981
   33.000000000    30.000000000    23.515820888
   34.000000000    30.000000000    24.286255034
   35.000000000    30.000000000    25.121506639
   36.000000000    30.000000000    26.016052547
   37.000000000    30.000000000    26.962256265
   38.000000000    30.000000000    27.950145724
   39.000000000    30.000000000    28.967448645
   40.000000000    30.000000000    30.000000000

    0.000000000    31.000000000    40.000000000
    1.000000000    31.000000000    38.261707655
    2.000000000    31.000000000    36.547446546
    3.000000000    31.000000000    34.878943255
    4.000000000    31.000000000    33.274045114
    5.000000000    31.000000000    31.746120787
    6.000000000    31.000000000    30.304254278
    7.000000000    31.000000000    28.953895555
    8.000000000    31.000000000    27.697671055
    9.000000000    31.000000000    26.536164794
   10.000000000    31.000000000    25.468579529
   11.000000000    31.000000000    24.493252994
   12.000000000    31.000000000    23.608038931
   13.000000000    31.000000000    22.810576520
   14.000000000    31.000000000    22.098474210
   15.000000000    31.000000000    21.469431049
   16.000000000    31.000000000    20.921314064
   17.000000000    31.000000000    20.452205693
   18.000000000    31.000000000    20.060431375
   19.000000000    31.000000000    19.744574382
   20.000000000    31.000000000    19.503482672
   21.000000000    31.000000000    19.336270835
   22.000000000    31.000000000    19.242318904
   23.000000000    31.000000000    19.221268776
   24.000000000    31.000000000    19.273018070
   25.000000000    31.000000000    19.397710318
   26.000000000    31.000000000    19.595719333
   27.000000000    31.000000000    19.867624206
   28.000000000    31.000000000    20.214169692
   29.000000000    31.000000000    20.636204354
   30.000000000    31.000000000    21.134585995
   31.000000000    31.000000000    21.710040426
   32.000000000    31.000000000    22.362956223
   33.000000000    31.000000000    23.093095950
   34.000000000    31.000000000    23.899206130
   35.000000000    31.000000000    24.778518637
   36.000000000    31.000000000    25.726162234
   37.000000000    31.000000000    26.734552154
   38.000000000    31.000000000    27.792899648
   39.000000000    31.000000000    28.887064059
   40.000000000    31.000000000    30.000000000

    0.000000000    32.000000000    40.000000000
    1.000000000    32.000000000    38.138258919
    2.000000000    32.000000000    36.307578459
    3.000000000    32.000000000    34.535127469
    4.000000000    32.000000000    32.841870878
    5.000000000    32.000000000    31.242098969
    6.000000000    32.000000000    29.744202431
    7.000000000    32.000000000    28.351977178
    8.000000000    32.000000000    27.065965827
    9.000000000    32.000000000    25.884596174
   10.000000000    32.000000000    24.805048493
   11.000000000    32.000000000    23.823870370
   12.000000000    32.000000000    22.937389340
   13.000000000    32.000000000    22.141976836
   14.000000000    32.000000000    21.434208795
   15.000000000    32.000000000    20.810957517
   16.000000000    32.000000000    20.269439531
   17.000000000    32.000000000    19.807236523
   18.000000000    32.000000000    19.422300707
   19.000000000    32.000000000    19.112952071
   20.000000000    32.000000000    18.877872180
   21.000000000    32.000000000    18.716097383
   22.000000000    32.000000000    18.627012984
   23.000000000    32.000000000    18.610348945
   24.000000000    32.000000000    18.666176912
   25.000000000    32.000000000    18.794907461
   26.000000000    32.000000000    18.997285458
   27.000000000    32.000000000    19.274379965
   28.000000000    32.000000000    19.627563075
   29.000000000    32.000000000    20.058469072
   30.000000000    32.000000000    20.568921064
   31.000000000    32.000000000    21.160806446
   32.000000000    32.000000000    21.835875201
   33.000000000    32.000000000    22.595426971
   34.000000000    32.000000000    23.439846730
   35.000000000    32.000000000    24.367951296
   36.000000000    32.000000000    25.376132638
   37.000000000    32.000000000    26.457349054
   38.000000000    32.000000000    27.600143958
   39.000000000    32.000000000    28.788062070
   40.000000000    32.000000000    30.000000000

    0.000000000    33.000000000    40.000000000
    1.000000000    33.000000000    37.983898623
    2.000000000    33.000000000    36.009778105
    3.000000000    33.000000000    34.112560802
    4.000000000    33.000000000    32.316799050
    5.000000000    33.000000000    30.636928825
    6.000000000    33.000000000    29.079341814
    7.000000000    33.000000000    27.644837570
    8.000000000    33.000000000    26.330735605
    9.000000000    33.000000000    25.132439430
   10.000000000    33.000000000    24.044491288
   11.000000000    33.000000000    23.061235295
   12.000000000    33.000000000    22.177208216
   13.000000000    33.000000000    21.387352549
   14.000000000    33.000000000    20.687119359
   15.000000000    33.000000000    20.072505882
   16.000000000    33.000000000    19.540056835
   17.000000000    33.000000000    19.086847456
   18.000000000    33.000000000    18.710459249
   19.000000000    33.000000000    18.408954931
   20.000000000    33.000000000    18.180856356
   21.000000000    33.000000000    18.025127432
   22.000000000    33.000000000    17.941163060
   23.000000000    33.000000000    17.928784357
   24.000000000    33.000000000    17.988239923
   25.000000000    33.000000000    18.120212271
   26.000000000    33.000000000    18.325827733
   27.000000000    33.000000000    18.606666887
   28.000000000    33.000000000    18.964770459
   29.000000000    33.000000000    19.402632333
   30.000000000    33.000000000    19.923166027
   31.000000000    33.000000000    20.529622838
   32.000000000    33.000000000    21.225427765
   33.000000000    33.000000000    22.013882581
   34.000000000    33.000000000    22.897664953
   35.000000000    33.000000000    23.878034151
   36.000000000    33.000000000    24.953654995
   37.000000000    33.000000000    26.119010933
   38.000000000    33.000000000    27.362562230
   39.000000000    33.000000000    28.665189310
   40.000000000    33.000000000    30.000000000

    0.000000000    34.000000000    40.000000000
    1.000000000    34.000000000    37.787700870
    2.000000000    34.000000000    35.635360460
    3.000000000    34.000000000    33.588965261
    4.000000000    34.000000000    31.676400497
    5.000000000    34.000000000    29.910174911
    6.000000000    34.000000000    28.292228205
    7.000000000    34.000000000    26.818250671
    8.000000000    34.000000000    25.480773900
    9.000000000    34.000000000    24.271121665
   10.000000000    34.000000000    23.180534321
   11.000000000    34.000000000    22.200761108
   12.000000000    34.000000000    21.324334321
   13.000000000    34.000000000    20.544664153
   14.000000000    34.000000000    19.856038694
   15.000000000    34.000000000    19.253578375
   16.000000000    34.000000000    18.733172691
   17.000000000    34.000000000    18.291414386
   18.000000000    34.000000000    17.925539056
   19.000000000    34.000000000    17.633374065
   20.000000000    34.000000000    17.413298522
   21.000000000    34.000000000    17.264214931
   22.000000000    34.000000000    17.185532591
   23.000000000    34.000000000    17.177162620
   24.000000000    34.000000000    17.239524314
   25.000000000    34.000000000    17.373562451
   26.000000000    34.000000000    17.580774714
   27.000000000    34.000000000    17.863247668
   28.000000000    34.000000000    18.223698088
   29.000000000    34.000000000    18.665513472
   30.000000000    34.000000000    19.192780160
   31.000000000    34.000000000    19.810278024
   32.000000000    34.000000000    20.523404652
   33.000000000    34.000000000    21.337965529
   34.000000000    34.000000000    22.259726040
   35.000000000    34.000000000    23.293564734
   36.000000000    34.000000000    24.442006999
   37.000000000    34.000000000    25.702904085
   38.000000000    34.000000000    27.066190609
   39.000000000    34.000000000    28.510276328
   40.000000000    34.000000000    30.000000000

    0.000000000    35.000000000    40.000000000
    1.000000000    35.000000000    37.531681584
    2.000000000    35.000000000    35.155271137
    3.000000000    35.000000000    32.931947471
    4.000000000    35.000000000    30.890203095
    5.000000000    35.000000000    29.035811250
    6.000000000    35.000000000    27.361939242
    7.000000000    35.000000000    25.856076610
    8.000000000    35.000000000    24.504015415
    9.000000000    35.000000000    23.291874579
   10.000000000    35.000000000    22.206999609
   11.000000000    35.000000000    21.238270071
   12.000000000    35.000000000    20.376118372
   13.000000000    35.000000000    19.612421883
   14.000000000    35.000000000    18.940350803
   15.000000000    35.000000000    18.354211619
   16.000000000    35.000000000    17.849304063
   17.000000000    35.000000000    17.421798497
   18.000000000    35.000000000    17.068635458
   19.000000000    35.000000000    16.787446811
   20.000000000    35.000000000    16.576497179
   21.000000000    35.000000000    16.434644222
   22.000000000    35.000000000    16.361316657
   23.000000000    35.000000000    16.356509328
   24.000000000    35.000000000    16.420795103
   25.000000000    35.000000000    16.555353822
   26.000000000    35.000000000    16.762018840
   27.000000000    35.000000000    17.043341731
   28.000000000    35.000000000    17.402675225
   29.000000000    35.000000000    17.844272788
   30.000000000    35.000000000    18.373399403
   31.000000000    35.000000000    18.996439920
   32.000000000    35.000000000    19.720974952
   33.000000000    35.000000000    20.555762358
   34.000000000    35.000000000    21.510502683
   35.000000000    35.000000000    22.595160810
   36.000000000    35.000000000    23.818444452
   37.000000000    35.000000000    25.184815942
   38.000000000    35.000000000    26.689293296
   39.000000000    35.000000000    28.309862565
   40.000000000    35.000000000    30.000000000

    0.000000000    36.000000000    40.000000000
    1.000000000    36.000000000    37.183884773
    2.000000000    36.000000000    34.522355116
    3.000000000    36.000000000    32.093738510
    4.000000000    36.000000000    29.917166920
    5.000000000    36.000000000    27.981563987
    6.000000000    36.000000000    26.264395686
    7.000000000    36.000000000    24.740969793
    8.000000000    36.000000000    23.388313792
    9.000000000    36.000000000    22.186441364
   10.000000000    36.000000000    21.118495056
   11.000000000    36.000000000    20.170465393
   12.000000000    36.000000000    19.330792227
   13.000000000    36.000000000    18.589971738
   14.000000000    36.000000000    17.940212325
   15.000000000    36.000000000    17.375149190
   16.000000000    36.000000000    16.889614578
   17.000000000    36.000000000    16.479456642
   18.000000000    36.000000000    16.141399484
   19.000000000    36.000000000    15.872937897
   20.000000000    36.000000000    15.672261635
   21.000000000    36.000000000    15.538205462
   22.000000000    36.000000000    15.470222477
   23.000000000    36.000000000    15.468379449
   24.000000000    36.000000000    15.533374024
   25.000000000    36.000000000    15.666574786
   26.000000000    36.000000000    15.870086330
   27.000000000    36.000000000    16.146842640
   28.000000000    36.000000000    16.500733216
   29.000000000    36.000000000    16.936767161
   30.000000000    36.000000000    17.461280242
   31.000000000    36.000000000    18.082186944
   32.000000000    36.000000000    18.809270011
   33.000000000    36.000000000    19.654474865
   34.000000000    36.000000000    20.632116234
   35.000000000    36.000000000    21.758767540
   36.000000000    36.000000000    23.052307763
   37.000000000    36.000000000    24.529010009
   38.000000000    36.000000000    26.196564122
   39.000000000    36.000000000    28.040011064
   40.000000000    36.000000000    30.000000000

    0.000000000    37.000000000    40.000000000
    1.000000000    37.000000000    36.681625585
    2.000000000    37.000000000    33.656771668
    3.000000000    37.000000000    31.003851077
    4.000000000    37.000000000    28.703647289
    5.000000000    37.000000000    26.709482959
    6.000000000    37.000000000    24.973822553
    7.000000000    37.000000000    23.455913478
    8.000000000    37.000000000    22.122751497
    9.000000000    37.000000000    20.948101746
   10.000000000    37.000000000    19.911184106
   11.000000000    37.000000000    18.995498146
   12.000000000    37.000000000    18.187883653
   13.000000000    37.000000000    17.477799255
   14.000000000    37.000000000    16.856776543
   15.000000000    37.000000000    16.318008819
   16.000000000    37.000000000    15.856041663
   17.000000000    37.000000000    15.466540709
   18.000000000    37.000000000    15.146118687
   19.000000000    37.000000000    14.892208887
   20.000000000    37.000000000    14.702976065
   21.000000000    37.000000000    14.577258730
   22.000000000    37.000000000    14.514539059
   23.000000000    37.000000000    14.514938631
   24.000000000    37.000000000    14.579239950
   25.000000000    37.000000000    14.708935485
   26.000000000    37.000000000    14.906307954
   27.000000000    37.000000000    15.174547944
   28.000000000    37.000000000    15.517918003
   29.000000000    37.000000000    15.941976241
   30.000000000    37.000000000    16.453877618
   31.000000000    37.000000000    17.062777234
   32.000000000    37.000000000    17.780366103
   33.000000000    37.000000000    18.621571174
   34.000000000    37.000000000    19.605432606
   35.000000000    37.000000000    20.756086158
   36.000000000    37.000000000    22.103494200
   37.000000000    37.000000000    23.682718713
   38.000000000    37.000000000    25.528187719
   39.000000000    37.000000000    27.653740747
   40.000000000    37.000000000    30.000000000

    0.000000000    38.000000000    40.000000000
    1.000000000    38.000000000    35.885961365
    2.000000000    38.000000000    32.419485113
    3.000000000    38.000000000    29.561590392
    4.000000000    38.000000000    27.184542967
    5.000000000    38.000000000    25.179461181
    6.000000000    38.000000000    23.466166203
    7.000000000    38.000000000    21.986879000
    8.000000000    38.000000000    20.699541980
    9.000000000    38.000000000    19.572985768
   10.000000000    38.000000000    18.583682075
   11.000000000    38.000000000    17.713578467
   12.000000000    38.000000000    16.948635553
   13.000000000    38.000000000    16.277819843
   14.000000000    38.000000000    15.692396987
   15.000000000    38.000000000    15.185427466
   16.000000000    38.000000000    14.751402119
   17.000000000    38.000000000    14.385976778
   18.000000000    38.000000000    14.085779138
   19.000000000    38.000000000    13.848269942
   20.000000000    38.000000000    13.671646581
   21.000000000    38.000000000    13.554781366
   22.000000000    38.000000000    13.497189840
   23.000000000    38.000000000    13.499026960
   24.000000000    38.000000000    13.561111186
   25.000000000    38.000000000    13.684978779
   26.000000000    38.000000000    13.872973204
   27.000000000    38.000000000    14.128377866
   28.000000000    38.000000000    14.455605099
   29.000000000    38.000000000    14.860461136
   30.000000000    38.000000000    15.350517273
   31.000000000    38.000000000    15.935633943
   32.000000000    38.000000000    16.628710921
   33.000000000    38.000000000    17.446779979
   34.000000000    38.000000000    18.412624907
   35.000000000    38.000000000    19.557213403
   36.000000000    38.000000000    20.923318884
   37.000000000    38.000000000    22.570526438
   38.000000000    38.000000000    24.579957486
   39.000000000    38.000000000    27.046879657
   40.000000000    38.000000000    30.000000000

    0.000000000    39.000000000    40.000000000
    1.000000000    39.000000000    34.442842050
    2.000000000    39.000000000    30.573830944
    3.000000000    39.000000000    27.638801637
    4.000000000    39.000000000    25.293895573
    5.000000000    39.000000000    23.358175900
    6.000000000    39.000000000    21.725122886
    7.000000000    39.000000000    20.326608832
    8.000000000    39.000000000    19.116355421
    9.000000000    39.000000000    18.061505355
   10.000000000    39.000000000    17.137946884
   11.000000000    39.000000000    16.327537899
   12.000000000    39.000000000    15.616366524
   13.000000000    39.000000000    14.993613500
   14.000000000    39.000000000    14.450782476
   15.000000000    39.000000000    13.981165265
   16.000000000    39.000000000    13.579463051
   17.000000000    39.000000000    13.241514768
   18.000000000    39.000000000    12.964101706
   19.000000000    39.000000000    12.744808338
   20.000000000    39.000000000    12.581926336
   21.000000000    39.000000000    12.474393476
   22.000000000    39.000000000    12.421762515
   23.000000000    39.000000000    12.424197771
   24.000000000    39.000000000    12.482499492
   25.000000000    39.000000000    12.598158515
   26.000000000    39.000000000    12.773446535
   27.000000000    39.000000000    13.011551070
   28.000000000    39.000000000    13.316769593
   29.000000000    39.000000000    13.694785659
   30.000000000    39.000000000    14.153063245
   31.000000000    39.000000000    14.701418352
   32.000000000    39.000000000    15.352867351
   33.000000000    39.000000000    16.124927338
   34.000000000    39.000000000    17.041694389
   35.000000000    39.000000000    18.137346913
   36.000000000    39.000000000    19.462464018
   37.000000000    39.000000000    21.096429861
   38.000000000    39.000000000    23.174450023
   39.000000000    39.000000000    25.953927674
   40.000000000    39.000000000    30.000000000

    0.000000000    40.000000000     0.000000000
    1.000000000    40.000000000    31.311674591
    2.000000000    40.000000000    27.794391768
    3.000000000    40.000000000    25.126183306
    4.000000000    40.000000000    22.994450521
    5.000000000    40.000000000    21.234705364
    6.000000000    40.000000000    19.750111715
    7.000000000    40.000000000    18.478735302
    8.000000000    40.000000000    17.378504929
    9.000000000    40.000000000    16.419550323
   10.000000000    40.000000000    15.579951712
   11.000000000    40.000000000    14.843216272
   12.000000000    40.000000000    14.196696840
   13.000000000    40.000000000    13.630557728
   14.000000000    40.000000000    13.137074978
   15.000000000    40.000000000    12.710150241
   16.000000000    40.000000000    12.344966410
   17.000000000    40.000000000    12.037740698
   18.000000000    40.000000000    11.785547005
   19.000000000    40.000000000    11.586189398
   20.000000000    40.000000000    11.438114851
   21.000000000    40.000000000    11.340357705
   22.000000000    40.000000000    11.292511377
   23.000000000    40.000000000    11.294725246
   24.000000000    40.000000000    11.347726811
   25.000000000    40.000000000    11.452871377
   26.000000000    40.000000000    11.612224123
   27.000000000    40.000000000    11.828682791
   28.000000000    40.000000000    12.106154176
   29.000000000    40.000000000    12.449805145
   30.000000000    40.000000000    12.866421132
   31.000000000    40.000000000    13.364925774
   32.000000000    40.000000000    13.957152138
   33.000000000    40.000000000    14.659024853
   34.000000000    40.000000000    15.492449444
   35.000000000    40.000000000    16.488497193
   36.000000000    40.000000000    17.693149108
   37.000000000    40.000000000    19.178572601
   38.000000000    40.000000000    21.067681839
   39.000000000    40.000000000    23.594479703
   40.000000000    40.000000000     0.000000000
