
    0.000000000     0.000000000    40.000000000
    1.000000000     0.000000000    16.990591185
    2.000000000     0.000000000    12.652099618
    3.000000000     0.000000000     9.989804252
    4.000000000     0.000000000     8.202475952
    5.000000000     0.000000000     6.923310049
    6.000000000     0.000000000     5.964466199
    7.000000000     0.000000000     5.220673608
    8.000000000     0.000000000     4.628622773
    9.000000000     0.000000000     4.148085594
   10.000000000     0.000000000     3.752368960
   11.000000000     0.000000000     3.423139952
   12.000000000     0.000000000     3.147455727
   13.000000000     0.000000000     2.915976728
   14.000000000     0.000000000     2.721849304
   15.000000000     0.000000000     2.559984399
   16.000000000     0.000000000     2.426580033
   17.000000000     0.000000000     2.318799297
   18.000000000     0.000000000     2.234551109
   19.000000000     0.000000000     2.172341409
   20.000000000     0.000000000     2.131174840
   21.000000000     0.000000000     2.110494715
   22.000000000     0.000000000     2.110154340
   23.000000000     0.000000000     2.130416664
   24.000000000     0.000000000     2.171982619
   25.000000000     0.000000000     2.236051998
   26.000000000     0.000000000     2.324425047
   27.000000000     0.000000000     2.439659059
   28.000000000     0.000000000     2.585303663
   29.000000000     0.000000000     2.766254034
   30.000000000     0.000000000     2.989287892
   31.000000000     0.000000000     3.263900337
   32.000000000     0.000000000     3.603641313
   33.000000000     0.000000000     4.028341029
   34.000000000     0.000000000     4.567989256
   35.000000000     0.000000000     5.269893613
   36.000000000     0.000000000     6.212838179
   37.000000000     0.000000000     7.537538550
   38.000000000     0.000000000     9.518936910
   39.000000000     0.000000000    12.757796231
   40.000000000     0.000000000    30.000000000

    0.000000000     1.000000000    40.000000000
    1.000000000     1.000000000    27.184945896
    2.000000000     1.000000000    20.243359388
    3.000000000     1.000000000    15.983686804
    4.000000000     1.000000000    13.123961523
    5.000000000     1.000000000    11.077296078
    6.000000000     1.000000000     9.543145919
    7.000000000     1.000000000     8.353077772
    8.000000000     1.000000000     7.405796437
    9.000000000     1.000000000     6.636936950
   10.000000000     1.000000000     6.003790337
   11.000000000     1.000000000     5.477023924
   12.000000000     1.000000000     5.035929162
   13.000000000     1.000000000     4.665562765
   14.000000000     1.000000000     4.354958886
   15.000000000     1.000000000     4.095975039
   16.000000000     1.000000000     3.882528052
   17.000000000     1.000000000     3.710078875
   18.000000000     1.000000000     3.575281774
   19.000000000     1.000000000     3.475746254
   20.000000000     1.000000000     3.409879743
   21.000000000     1.000000000     3.376791544
   22.000000000     1.000000000     3.376246944
   23.000000000     1.000000000     3.408666662
   24.000000000     1.000000000     3.475172191
   25.000000000     1.000000000     3.577683197
   26.000000000     1.000000000     3.719080076
   27.000000000     1.000000000     3.903454494
   28.000000000     1.000000000     4.136485861
   29.000000000     1.000000000     4.426006454
   30.000000000     1.000000000     4.782860627
   31.000000000     1.000000000     5.222240539
   32.000000000     1.000000000     5.765826101
   33.000000000     1.000000000     6.445345646
   34.000000000     1.000000000     7.308782809
   35.000000000     1.000000000     8.431829780
   36.000000000     1.000000000     9.940541086
   37.000000000     1.000000000    12.060061680
   38.000000000     1.000000000    15.230299057
   39.000000000     1.000000000    20.412473970
   40.000000000     1.000000000    30.000000000

    0.000000000     2.000000000    40.000000000
    1.000000000     2.000000000    31.506427260
    2.000000000     2.000000000    25.153889903
    3.000000000     2.000000000    20.579389506
    4.000000000     2.000000000    17.234726117
    5.000000000     2.000000000    14.721662044
    6.000000000     2.000000000    12.781176615
    7.000000000     2.000000000    11.246643869
    8.000000000     2.000000000    10.008987471
    9.000000000     2.000000000     8.994976773
   10.000000000     2.000000000     8.154163737
   11.000000000     2.000000000     7.450965460
   12.000000000     2.000000000     6.859764122
   13.000000000     2.000000000     6.361798347
   14.000000000     2.000000000     5.943142269
   15.000000000     2.000000000     5.593362365
   16.000000000     2.000000000     5.304608111
   17.000000000     2.000000000     5.070988028
   18.000000000     2.000000000     4.888139018
   19.000000000     2.000000000     4.752930957
   20.000000000     2.000000000     4.663269892
   21.000000000     2.000000000     4.617977062
   22.000000000     2.000000000     4.616730637
   23.000000000     2.000000000     4.660064386
   24.000000000     2.000000000     4.749423838
   25.000000000     2.000000000     4.887287131
   26.000000000     2.000000000     5.077365656
   27.000000000     2.000000000     5.324910613
   28.000000000     2.000000000     5.637167927
   29.000000000     2.000000000     6.024049832
   30.000000000     2.000000000     6.499133866
   31.000000000     2.000000000     7.081171755
   32.000000000     2.000000000     7.796415329
   33.000000000     2.000000000     8.682286956
   34.000000000     2.000000000     9.793313804
   35.000000000     2.000000000    11.210921896
   36.000000000     2.000000000    13.059711270
   37.000000000     2.000000000    15.533587366
   38.000000000     2.000000000    18.930875584
   39.000000000     2.000000000    23.662378261
   40.000000000     2.000000000    30.000000000

    0.000000000     3.000000000    40.000000000
    1.000000000     3.000000000    33.687687901
    2.000000000     3.000000000    28.288007521
    3.000000000     3.000000000    23.947678207
    4.000000000     3.000000000    20.517097743
    5.000000000     3.000000000    17.797418437
    6.000000000     3.000000000    15.617960926
    7.000000000     3.000000000    13.848746961
    8.000000000     3.000000000    12.394618543
    9.000000000     3.000000000    11.186538195
   10.000000000     3.000000000    10.174232342
   11.000000000     3.000000000     9.320764256
   12.000000000     3.000000000     8.598712165
   13.000000000     3.000000000     7.987514551
   14.000000000     3.000000000     7.471626072
   15.000000000     3.000000000     7.039229266
   16.000000000     3.000000000     6.681328329
   17.000000000     3.000000000     6.391108544
   18.000000000     3.000000000     6.163483760
   19.000000000     3.000000000     5.994780340
   20.000000000     3.000000000     5.882523619
   21.000000000     3.000000000     5.825305120
   22.000000000     3.000000000     5.822717710
   23.000000000     3.000000000     5.875352881
   24.000000000     3.000000000     5.984860577
   25.000000000     3.000000000     6.154078320
   26.000000000     3.000000000     6.387243856
   27.000000000     3.000000000     6.690315240
   28.000000000     3.000000000     7.071435866
   29.000000000     3.000000000     7.541601781
   30.000000000     3.000000000     8.115617922
   31.000000000     3.000000000     8.813473044
   32.000000000     3.000000000     9.662324062
   33.000000000     3.000000000    10.699356933
   34.000000000     3.000000000    11.975852310
   35.000000000     3.000000000    13.562699062
   36.000000000     3.000000000    15.556915683
   37.000000000     3.000000000    18.086057975
   38.000000000     3.000000000    21.298816820
   39.000000000     3.000000000    25.306955419
   40.000000000     3.000000000    30.000000000

    0.000000000     4.000000000    40.000000000
    1.000000000     4.000000000    34.957348552
    2.000000000     4.000000000    30.364830886
    3.000000000     4.000000000    26.409286697
    4.000000000     4.000000000    23.092628924
    5.000000000     4.000000000    20.337979700
    6.000000000     4.000000000    18.050462024
    7.000000000     4.000000000    16.142620282
    8.000000000     4.000000000    14.541908886
    9.000000000     4.000000000    13.190834793
   10.000000000     4.000000000    12.044720951
   11.000000000     4.000000000    11.069094081
   12.000000000     4.000000000    10.237378948
   13.000000000     4.000000000     9.529054199
   14.000000000     4.000000000     8.928239985
   15.000000000     4.000000000     8.422638275
   16.000000000     4.000000000     8.002746187
   17.000000000     4.000000000     7.661276408
   18.000000000     4.000000000     7.392734405
   19.000000000     4.000000000     7.193115694
   20.000000000     4.000000000     7.059697296
   21.000000000     4.000000000     6.990905974
   22.000000000     4.000000000     6.986252608
   23.000000000     4.000000000     7.046327664
   24.000000000     4.000000000     7.172857905
   25.000000000     4.000000000     7.368829580
   26.000000000     4.000000000     7.638689129
   27.000000000     4.000000000     7.988639255
   28.000000000     4.000000000     8.427056734
   29.000000000     4.000000000     8.965068786
   30.000000000     4.000000000     9.617336763
   31.000000000     4.000000000    10.403106368
   32.000000000     4.000000000    11.347583281
   33.000000000     4.000000000    12.483656233
   34.000000000     4.000000000    13.853850912
   35.000000000     4.000000000    15.512002913
   36.000000000     4.000000000    17.523146979
   37.000000000     4.000000000    19.957897134
   38.000000000     4.000000000    22.873378252
   39.000000000     4.000000000    26.267629542
   40.000000000     4.000000000    30.000000000

    0.000000000     5.000000000    40.000000000
    1.000000000     5.000000000    35.778120004
    2.000000000     5.000000000    31.807161917
    3.000000000     5.000000000    28.235710490
    4.000000000     5.000000000    25.111050016
    5.000000000     5.000000000    22.417473113
    6.000000000     5.000000000    20.110477174
    7.000000000     5.000000000    18.137633427
    8.000000000     5.000000000    16.448859337
    9.000000000     5.000000000    15.000436408
   10.000000000     5.000000000    13.755890294
   11.000000000     5.000000000    12.685511328
   12.000000000     5.000000000    11.765409887
   13.000000000     5.000000000    10.976512612
   14.000000000     5.000000000    10.303660824
   15.000000000     5.000000000     9.734859150
   16.000000000     5.000000000     9.260674349
   17.000000000     5.000000000     8.873767040
   18.000000000     5.000000000     8.568535373
   19.000000000     5.000000000     8.340851498
   20.000000000     5.000000000     8.187875420
   21.000000000     5.000000000     8.107934912
   22.000000000     5.000000000     8.100464105
   23.000000000     5.000000000     8.165997037
   24.000000000     5.000000000     8.306215945
   25.000000000     5.000000000     8.524057500
   26.000000000     5.000000000     8.823883680
   27.000000000     5.000000000     9.211727446
   28.000000000     5.000000000     9.695626468
   29.000000000     5.000000000    10.286059790
   30.000000000     5.000000000    10.996499719
   31.000000000     5.000000000    11.844078416
   32.000000000     5.000000000    12.850332772
   33.000000000     5.000000000    14.041906201
   34.000000000     5.000000000    15.450902604
   35.000000000     5.000000000    17.114221441
   36.000000000     5.000000000    19.070540179
   37.000000000     5.000000000    21.352606277
   38.000000000     5.000000000    23.971582066
   39.000000000     5.000000000    26.891394357
   40.000000000     5.000000000    30.000000000

    0.000000000     6.000000000    40.000000000
    1.000000000     6.000000000    36.349421900
    2.000000000     6.000000000    32.852881630
    3.000000000     6.000000000    29.619663006
    4.000000000     6.000000000    26.704103736
    5.000000000     6.000000000    24.117461520
    6.000000000     6.000000000    21.844730399
    7.000000000     6.000000000    19.858227684
    8.000000000     6.000000000    18.126308130
    9.000000000     6.000000000    16.618140134
   10.000000000     6.000000000    15.305924508
   11.000000000     6.000000000    14.165653317
   12.000000000     6.000000000    13.177120414
   13.000000000     6.000000000    12.323596695
   14.000000000     6.000000000    11.591391348
   15.000000000     6.000000000    10.969408822
   16.000000000     6.000000000    10.448750449
   17.000000000     6.000000000    10.022378464
   18.000000000     6.000000000     9.684845290
   19.000000000     6.000000000     9.432084619
   20.000000000     6.000000000     9.261258988
   21.000000000     6.000000000     9.170658744
   22.000000000     6.000000000     9.159648562
   23.000000000     6.000000000     9.228659274
   24.000000000     6.000000000     9.379224518
   25.000000000     6.000000000     9.614063308
   26.000000000     6.000000000     9.937210894
   27.000000000     6.000000000    10.354200747
   28.000000000     6.000000000    10.872299310
   29.000000000     6.000000000    11.500790622
   30.000000000     6.000000000    12.251296902
   31.000000000     6.000000000    13.138097902
   32.000000000     6.000000000    14.178366346
   33.000000000     6.000000000    15.392153175
   34.000000000     6.000000000    16.801812576
   35.000000000     6.000000000    18.430332871
   36.000000000     6.000000000    20.297749966
   37.000000000     6.000000000    22.414607812
   38.000000000     6.000000000    24.771764679
   39.000000000     6.000000000    27.327777649
   40.000000000     6.000000000    30.000000000

    0.000000000     7.000000000    40.000000000
    1.000000000     7.000000000    36.768340160
    2.000000000     7.000000000    33.638577425
    3.000000000     7.000000000    30.690876177
    4.000000000     7.000000000    27.974751019
    5.000000000     7.000000000    25.511598183
    6.000000000     7.000000000    23.302311539
    7.000000000     7.000000000    21.335230784
    8.000000000     7.000000000    19.592362693
    9.000000000     7.000000000    18.053535213
   10.000000000     7.000000000    16.698857455
   11.000000000     7.000000000    15.510005275
   12.000000000     7.000000000    14.470774007
   13.000000000     7.000000000    13.567211489
   14.000000000     7.000000000    12.787532486
   15.000000000     7.000000000    12.121935070
   16.000000000     7.000000000    11.562387319
   17.000000000     7.000000000    11.102420804
   18.000000000     7.000000000    10.736948915
   19.000000000     7.000000000    10.462117906
   20.000000000     7.000000000    10.275193261
   21.000000000     7.000000000    10.174481569
   22.000000000     7.000000000    10.159287172
   23.000000000     7.000000000    10.229902770
   24.000000000     7.000000000    10.387633299
   25.000000000     7.000000000    10.634852437
   26.000000000     7.000000000    10.975090599
   27.000000000     7.000000000    11.413151559
   28.000000000     7.000000000    11.955251075
   29.000000000     7.000000000    12.609163358
   30.000000000     7.000000000    13.384347513
   31.000000000     7.000000000    14.292002280
   32.000000000     7.000000000    15.344958286
   33.000000000     7.000000000    16.557256716
   34.000000000     7.000000000    17.943179298
   35.000000000     7.000000000    19.515398243
   36.000000000     7.000000000    21.281856213
   37.000000000     7.000000000    23.241096400
   38.000000000     7.000000000    25.376297748
   39.000000000     7.000000000    27.649559605
   40.000000000     7.000000000    30.000000000

    0.000000000     8.000000000    40.000000000
    1.000000000     8.000000000    37.087210616
    2.000000000     8.000000000    34.245898417
    3.000000000     8.000000000    31.536013571
    4.000000000     8.000000000    28.999704505
    5.000000000     8.000000000    26.660878584
    6.000000000     8.000000000    24.528370249
    7.000000000     8.000000000    22.600309700
    8.000000000     8.000000000    20.868191486
    9.000000000     8.000000000    19.320033531
   10.000000000     8.000000000    17.942558698
   11.000000000     8.000000000    16.722565634
   12.000000000     8.000000000    15.647710568
   13.000000000     8.000000000    14.706897103
   14.000000000     8.000000000    13.890423230
   15.000000000     8.000000000    13.189988843
   16.000000000     8.000000000    12.598631029
   17.000000000     8.000000000    12.110628999
   18.000000000     8.000000000    11.721403598
   19.000000000     8.000000000    11.427425690
   20.000000000     8.000000000    11.226141156
   21.000000000     8.000000000    11.115916367
   22.000000000     8.000000000    11.096005804
   23.000000000     8.000000000    11.166542085
   24.000000000     8.000000000    11.328547684
   25.000000000     8.000000000    11.583966518
   26.000000000     8.000000000    11.935711874
   27.000000000     8.000000000    12.387724280
   28.000000000     8.000000000    12.945028118
   29.000000000     8.000000000    13.613767777
   30.000000000     8.000000000    14.401191571
   31.000000000     8.000000000    15.315532623
   32.000000000     8.000000000    16.365708968
   33.000000000     8.000000000    17.560730718
   34.000000000     8.000000000    18.908666290
   35.000000000     8.000000000    20.415001303
   36.000000000     8.000000000    22.080264910
   37.000000000     8.000000000    23.896974403
   38.000000000     8.000000000    25.846355073
   39.000000000     8.000000000    27.895960732
   40.000000000     8.000000000    30.000000000

    0.000000000     9.000000000    40.000000000
    1.000000000     9.000000000    37.336640783
    2.000000000     9.000000000    34.725852714
    3.000000000     9.000000000    32.213633446
    4.000000000     9.000000000    29.835191704
    5.000000000     9.000000000    27.613765292
    6.000000000     9.000000000    25.561748360
    7.000000000     9.000000000    23.682981299
    8.000000000     9.000000000    21.975276233
    9.000000000     9.000000000    20.432648941
   10.000000000     9.000000000    19.047055324
   11.000000000     9.000000000    17.809625903
   12.000000000     9.000000000    16.711479703
   13.000000000     9.000000000    15.744221616
   14.000000000     9.000000000    14.900218792
   15.000000000     9.000000000    14.172732014
   16.000000000     9.000000000    13.555957782
   17.000000000     9.000000000    13.045019718
   18.000000000     9.000000000    12.635935016
   19.000000000     9.000000000    12.325572423
   20.000000000     9.000000000    12.111611972
   21.000000000     9.000000000    11.992512430
   22.000000000     9.000000000    11.967489567
   23.000000000     9.000000000    12.036506312
   24.000000000     9.000000000    12.200274132
   25.000000000     9.000000000    12.460263180
   26.000000000     9.000000000    12.818716508
   27.000000000     9.000000000    13.278660382
   28.000000000     9.000000000    13.843898022
   29.000000000     9.000000000    14.518967170
   30.000000000     9.000000000    15.309032250
   31.000000000     9.000000000    16.219669086
   32.000000000     9.000000000    17.256484967
   33.000000000     9.000000000    18.424502235
   34.000000000     9.000000000    19.727227134
   35.000000000     9.000000000    21.165342788
   36.000000000     9.000000000    22.735031051
   37.000000000     9.000000000    24.426074568
   38.000000000     9.000000000    26.220135811
   39.000000000     9.000000000    28.089908315
   40.000000000     9.000000000    30.000000000

    0.000000000    10.000000000    40.000000000
    1.000000000    10.000000000    37.535716032
    2.000000000    10.000000000    35.111656379
    3.000000000    10.000000000    32.764067443
    4.000000000    10.000000000    30.522386255
    5.000000000    10.000000000    28.408040140
    6.000000000    10.000000000    26.434679801
    7.000000000    10.000000000    24.609317583
    8.000000000    10.000000000    22.933839098
    9.000000000    10.000000000    21.406510028
   10.000000000    10.000000000    20.023274076
   11.000000000    10.000000000    18.778769838
   12.000000000    10.000000000    17.667072717
   13.000000000    10.000000000    16.682204407
   14.000000000    10.000000000    15.818462691
   15.000000000    10.000000000    15.070621036
   16.000000000    10.000000000    14.434038853
   17.000000000    10.000000000    13.904713702
   18.000000000    10.000000000    13.479298171
   19.000000000    10.000000000    13.155097269
   20.000000000    10.000000000    12.930056916
   21.000000000    10.000000000    12.802750239
   22.000000000    10.000000000    12.772365425
   23.000000000    10.000000000    12.838696648
   24.000000000    10.000000000    13.002137514
   25.000000000    10.000000000    13.263674469
   26.000000000    10.000000000    13.624875209
   27.000000000    10.000000000    14.087864083
   28.000000000    10.000000000    14.655272501
   29.000000000    10.000000000    15.330147125
   30.000000000    10.000000000    16.115792240
   31.000000000    10.000000000    17.015515464
   32.000000000    10.000000000    18.032239560
   33.000000000    10.000000000    19.167940624
   34.000000000    10.000000000    20.422880657
   35.000000000    10.000000000    21.794629795
   36.000000000    10.000000000    23.276932295
   37.000000000    10.000000000    24.858569211
   38.000000000    10.000000000    26.522501319
   39.000000000    10.000000000    28.245691115
   40.000000000    10.000000000    30.000000000

    0.000000000    11.000000000    40.000000000
    1.000000000    11.000000000    37.696953565
    2.000000000    11.000000000    35.425747142
    3.000000000    11.000000000    33.215692066
    4.000000000    11.000000000    31.091638964
    5.000000000    11.000000000    29.072956887
    6.000000000    11.000000000    27.173400554
    7.000000000    11.000000000    25.401628909
    8.000000000    11.000000000    23.762081155
    9.000000000    11.000000000    22.255962552
   10.000000000    11.000000000    20.882176175
   11.000000000    11.000000000    19.638116095
   12.000000000    11.000000000    18.520294874
   13.000000000    11.000000000    17.524812471
   14.000000000    11.000000000    16.647690020
   15.000000000    11.000000000    15.885096815
   16.000000000    11.000000000    15.233497492
   17.000000000    11.000000000    14.689742325
   18.000000000    11.000000000    14.251118714
   19.000000000    11.000000000    13.915377396
   20.000000000    11.000000000    13.680743009
   21.000000000    11.000000000    13.545915432
   22.000000000    11.000000000    13.510065734
   23.000000000    11.000000000    13.572828365
   24.000000000    11.000000000    13.734289221
   25.000000000    11.000000000    13.994967230
   26.000000000    11.000000000    14.355784916
   27.000000000    11.000000000    14.818020859
   28.000000000    11.000000000    15.383233918
   29.000000000    11.000000000    16.053145630
   30.000000000    11.000000000    16.829463540
   31.000000000    11.000000000    17.713625126
   32.000000000    11.000000000    18.706440981
   33.000000000    11.000000000    19.807619571
   34.000000000    11.000000000    21.015168156
   35.000000000    11.000000000    22.324690139
   36.000000000    11.000000000    23.728642169
   37.000000000    11.000000000    25.215673797
   38.000000000    11.000000000    26.770235420
   39.000000000    11.000000000    28.372674839
   40.000000000    11.000000000    30.000000000

    0.000000000    12.000000000    40.000000000
    1.000000000    12.000000000    37.828898426
    2.000000000    12.000000000    35.683764820
    3.000000000    12.000000000    33.588891178
    4.000000000    12.000000000    31.565546534
    5.000000000    12.000000000    29.631158714
    6.000000000    12.000000000    27.799052667
    7.000000000    12.000000000    26.078643245
    8.000000000    12.000000000    24.475923465
    9.000000000    12.000000000    22.994093206
   10.000000000    12.000000000    21.634209391
   11.000000000    12.000000000    20.395782673
   12.000000000    12.000000000    19.277283466
   13.000000000    12.000000000    18.276546894
   14.000000000    12.000000000    17.391082258
   15.000000000    12.000000000    16.618300450
   16.000000000    12.000000000    15.955675183
   17.000000000    12.000000000    15.400853320
   18.000000000    12.000000000    14.951727457
   19.000000000    12.000000000    14.606481324
   20.000000000    12.000000000    14.363615989
   21.000000000    12.000000000    14.221962407
   22.000000000    12.000000000    14.180683817
   23.000000000    12.000000000    14.239269532
   24.000000000    12.000000000    14.397519947
   25.000000000    12.000000000    14.655520804
   26.000000000    12.000000000    15.013602977
   27.000000000    12.000000000    15.472282039
   28.000000000    12.000000000    16.032169861
   29.000000000    12.000000000    16.693848399
   30.000000000    12.000000000    17.457694268
   31.000000000    12.000000000    18.323642158
   32.000000000    12.000000000    19.290876998
   33.000000000    12.000000000    20.357450631
   34.000000000    12.000000000    21.519830762
   35.000000000    12.000000000    22.772410016
   36.000000000    12.000000000    24.107031294
   37.000000000    12.000000000    25.512618599
   38.000000000    12.000000000    26.975029598
   39.000000000    12.000000000    28.477249094
   40.000000000    12.000000000    30.000000000

    0.000000000    13.000000000    40.000000000
    1.000000000    13.000000000    37.937573155
    2.000000000    13.000000000    35.896900821
    3.000000000    13.000000000    33.898585369
    4.000000000    13.000000000    31.961115494
    5.000000000    13.000000000    30.100222820
    6.000000000    13.000000000    28.328593624
    7.000000000    13.000000000    26.655894875
    8.000000000    13.000000000    25.089029909
    9.000000000    13.000000000    23.632529057
   10.000000000    13.000000000    22.288993332
   11.000000000    13.000000000    21.059531864
   12.000000000    13.000000000    19.944156964
   13.000000000    13.000000000    18.942119575
   14.000000000    13.000000000    18.052181066
   15.000000000    13.000000000    17.272825229
   16.000000000    13.000000000    16.602418338
   17.000000000    13.000000000    16.039326352
   18.000000000    13.000000000    15.581998043
   19.000000000    13.000000000    15.229021643
   20.000000000    13.000000000    14.979161086
   21.000000000    13.000000000    14.831376309
   22.000000000    13.000000000    14.784830486
   23.000000000    13.000000000    14.838885598
   24.000000000    13.000000000    14.993086287
   25.000000000    13.000000000    15.247130526
   26.000000000    13.000000000    15.600824285
   27.000000000    13.000000000    16.054015947
   28.000000000    13.000000000    16.606505027
   29.000000000    13.000000000    17.257918736
   30.000000000    13.000000000    18.007549648
   31.000000000    13.000000000    18.854148652
   32.000000000    13.000000000    19.795670274
   33.000000000    13.000000000    20.828973419
   34.000000000    13.000000000    21.949490453
   35.000000000    13.000000000    23.150891697
   36.000000000    13.000000000    24.424789789
   37.000000000    13.000000000    25.760545347
   38.000000000    13.000000000    27.145244882
   39.000000000    13.000000000    28.563914506
   40.000000000    13.000000000    30.000000000

    0.000000000    14.000000000    40.000000000
    1.000000000    14.000000000    38.027330887
    2.000000000    14.000000000    36.073336677
    3.000000000    14.000000000    34.155873494
    4.000000000    14.000000000    32.291275203
    5.000000000    14.000000000    30.493848014
    6.000000000    14.000000000    28.775596511
    7.000000000    14.000000000    27.146167794
    8.000000000    14.000000000    25.612969314
    9.000000000    14.000000000    24.181403462
   10.000000000    14.000000000    22.855164158
   11.000000000    14.000000000    21.636551244
   12.000000000    14.000000000    20.526771896
   13.000000000    14.000000000    19.526210704
   14.000000000    14.000000000    18.634659957
   15.000000000    14.000000000    17.851508452
   16.000000000    14.000000000    17.175891301
   17.000000000    14.000000000    16.606805266
   18.000000000    14.000000000    16.143194855
   19.000000000    14.000000000    15.784014133
   20.000000000    14.000000000    15.528268557
   21.000000000    14.000000000    15.375040107
   22.000000000    14.000000000    15.323497971
   23.000000000    14.000000000    15.372895900
   24.000000000    14.000000000    15.522556334
   25.000000000    14.000000000    15.771840281
   26.000000000    14.000000000    16.120101033
   27.000000000    14.000000000    16.566618859
   28.000000000    14.000000000    17.110513220
   29.000000000    14.000000000    17.750628794
   30.000000000    14.000000000    18.485392016
   31.000000000    14.000000000    19.312636380
   32.000000000    14.000000000    20.229397810
   33.000000000    14.000000000    21.231686487
   34.000000000    14.000000000    22.314248901
   35.000000000    14.000000000    23.470343252
   36.000000000    14.000000000    24.691561316
   37.000000000    14.000000000    25.967737882
   38.000000000    14.000000000    27.286990430
   39.000000000    14.000000000    28.635922398
   40.000000000    14.000000000    30.000000000

    0.000000000    15.000000000    40.000000000
    1.000000000    15.000000000    38.101379561
    2.000000000    15.000000000    36.219154079
    3.000000000    15.000000000    34.369117930
    4.000000000    15.000000000    32.565936850
    5.000000000    15.000000000    30.822747323
    6.000000000    15.000000000    29.150910364
    7.000000000    15.000000000    27.559918301
    8.000000000    15.000000000    26.057431838
    9.000000000    15.000000000    24.649413472
   10.000000000    15.000000000    23.340321257
   11.000000000    15.000000000    22.133331068
   12.000000000    15.000000000    21.030562760
   13.000000000    15.000000000    20.033293431
   14.000000000    15.000000000    19.142147929
   15.000000000    15.000000000    18.357262050
   16.000000000    15.000000000    17.678417587
   17.000000000    15.000000000    17.105150627
   18.000000000    15.000000000    16.636835621
   19.000000000    15.000000000    16.272748113
   20.000000000    15.000000000    16.012108845
   21.000000000    15.000000000    15.854111484
   22.000000000    15.000000000    15.797935580
   23.000000000    15.000000000    15.842745630
   24.000000000    15.000000000    15.987676398
   25.000000000    15.000000000    16.231803934
   26.000000000    15.000000000    16.574101104
   27.000000000    15.000000000    17.013375981
   28.000000000    15.000000000    17.548191227
   29.000000000    15.000000000    18.176762778
   30.000000000    15.000000000    18.896836956
   31.000000000    15.000000000    19.705546756
   32.000000000    15.000000000    20.599250787
   33.000000000    15.000000000    21.573362342
   34.000000000    15.000000000    22.622181236
   35.000000000    15.000000000    23.738746871
   36.000000000    15.000000000    24.914736474
   37.000000000    15.000000000    26.140435498
   38.000000000    15.000000000    27.404805675
   39.000000000    15.000000000    28.695667754
   40.000000000    15.000000000    30.000000000

    0.000000000    16.000000000    40.000000000
    1.000000000    16.000000000    38.162115633
    2.000000000    16.000000000    36.338926991
    3.000000000    16.000000000    34.544675033
    4.000000000    16.000000000    32.792738553
    5.000000000    16.000000000    31.095311517
    6.000000000    16.000000000    29.463186161
    7.000000000    16.000000000    27.905645242
    8.000000000    16.000000000    26.430452387
    9.000000000    16.000000000    25.043920461
   10.000000000    16.000000000    23.751034454
   11.000000000    16.000000000    22.555606320
   12.000000000    16.000000000    21.460442745
   13.000000000    16.000000000    20.467511554
   14.000000000    16.000000000    19.578097026
   15.000000000    16.000000000    18.792938381
   16.000000000    16.000000000    18.112348721
   17.000000000    16.000000000    17.536313776
   18.000000000    16.000000000    17.064571091
   19.000000000    16.000000000    16.696670950
   20.000000000    16.000000000    16.432020510
   21.000000000    16.000000000    16.269912502
   22.000000000    16.000000000    16.209539562
   23.000000000    16.000000000    16.249994814
   24.000000000    16.000000000    16.390258925
   25.000000000    16.000000000    16.629173387
   26.000000000    16.000000000    16.965399475
   27.000000000    16.000000000    17.397362147
   28.000000000    16.000000000    17.923178206
   29.000000000    16.000000000    18.540568479
   30.000000000    16.000000000    19.246754671
   31.000000000    16.000000000    20.038343072
   32.000000000    16.000000000    20.911199536
   33.000000000    16.000000000    21.860323081
   34.000000000    16.000000000    22.879728926
   35.000000000    16.000000000    23.962355258
   36.000000000    16.000000000    25.100010696
   37.000000000    16.000000000    26.283380127
   38.000000000    16.000000000    27.502103986
   39.000000000    16.000000000    28.744939303
   40.000000000    16.000000000    30.000000000

    0.000000000    17.000000000    40.000000000
    1.000000000    17.000000000    38.211342605
    2.000000000    17.000000000    36.436115925
    3.000000000    17.000000000    34.687394518
    4.000000000    17.000000000    32.977572801
    5.000000000    17.000000000    31.318099483
    6.000000000    17.000000000    29.719286716
    7.000000000    17.000000000    28.190199005
    8.000000000    17.000000000    26.738617042
    9.000000000    17.000000000    25.371064655
   10.000000000    17.000000000    24.092883504
   11.000000000    17.000000000    22.908339573
   12.000000000    17.000000000    21.820746986
   13.000000000    17.000000000    20.832597309
   14.000000000    17.000000000    19.945685496
   15.000000000    17.000000000    19.161226446
   16.000000000    17.000000000    18.479958506
   17.000000000    17.000000000    17.902232057
   18.000000000    17.000000000    17.428082554
   19.000000000    17.000000000    17.057288170
   20.000000000    17.000000000    16.789412591
   21.000000000    17.000000000    16.623833632
   22.000000000    17.000000000    16.559758266
   23.000000000    17.000000000    16.596224515
   24.000000000    17.000000000    16.732090413
   25.000000000    17.000000000    16.966010067
   26.000000000    17.000000000    17.296396734
   27.000000000    17.000000000    17.721372839
   28.000000000    17.000000000    18.238707103
   29.000000000    17.000000000    18.845739496
   30.000000000    17.000000000    19.539295574
   31.000000000    17.000000000    20.315593122
   32.000000000    17.000000000    21.170145728
   33.000000000    17.000000000    22.097670023
   34.000000000    17.000000000    23.092005543
   35.000000000    17.000000000    24.146058124
   36.000000000    17.000000000    25.251778859
   37.000000000    17.000000000    26.400190172
   38.000000000    17.000000000    27.581467922
   39.000000000    17.000000000    28.785083189
   40.000000000    17.000000000    30.000000000

    0.000000000    18.000000000    40.000000000
    1.000000000    18.000000000    38.250417140
    2.000000000    18.000000000    36.513335006
    3.000000000    18.000000000    34.800964769
    4.000000000    18.000000000    33.124961366
    5.000000000    18.000000000    31.496198892
    6.000000000    18.000000000    29.924600893
    7.000000000    18.000000000    28.419030930
    8.000000000    18.000000000    26.987241829
    9.000000000    18.000000000    25.635876689
   10.000000000    18.000000000    24.370511464
   11.000000000    18.000000000    23.195727681
   12.000000000    18.000000000    22.115204219
   13.000000000    18.000000000    21.131818444
   14.000000000    18.000000000    20.247748870
   15.000000000    18.000000000    19.464573503
   16.000000000    18.000000000    18.783359822
   17.000000000    18.000000000    18.204743855
   18.000000000    18.000000000    17.728996934
   19.000000000    18.000000000    17.356079530
   20.000000000    18.000000000    17.085682031
   21.000000000    18.000000000    16.917252652
   22.000000000    18.000000000    16.850012718
   23.000000000    18.000000000    16.882959595
   24.000000000    18.000000000    17.014857506
   25.000000000    18.000000000    17.244216411
   26.000000000    18.000000000    17.569259215
   27.000000000    18.000000000    17.987877669
   28.000000000    18.000000000    18.497577719
   29.000000000    18.000000000    19.095415552
   30.000000000    18.000000000    19.777926466
   31.000000000    18.000000000    20.541049717
   32.000000000    18.000000000    21.380053884
   33.000000000    18.000000000    22.289468705
   34.000000000    18.000000000    23.263030765
   35.000000000    18.000000000    24.293651403
   36.000000000    18.000000000    25.373415498
   37.000000000    18.000000000    26.493618802
   38.000000000    18.000000000    27.644849090
   39.000000000    18.000000000    28.817112345
   40.000000000    18.000000000    30.000000000

    0.000000000    19.000000000    40.000000000
    1.000000000    19.000000000    38.280347945
    2.000000000    19.000000000    36.572534545
    3.000000000    19.000000000    34.888152780
    4.000000000    19.000000000    33.238321547
    5.000000000    19.000000000    31.633489346
    6.000000000    19.000000000    30.083280479
    7.000000000    19.000000000    28.596388994
    8.000000000    19.000000000    27.180520424
    9.000000000    19.000000000    25.842377162
   10.000000000    19.000000000    24.587680471
   11.000000000    19.000000000    23.421220613
   12.000000000    19.000000000    22.346926394
   13.000000000    19.000000000    21.367946028
   14.000000000    19.000000000    20.486732433
   15.000000000    19.000000000    19.705127461
   16.000000000    19.000000000    19.024440936
   17.000000000    19.000000000    18.445521665
   18.000000000    19.000000000    17.968818541
   19.000000000    19.000000000    17.594430679
   20.000000000    19.000000000    17.322146021
   21.000000000    19.000000000    17.151468263
   22.000000000    19.000000000    17.081632089
   23.000000000    19.000000000    17.111606894
   24.000000000    19.000000000    17.240089202
   25.000000000    19.000000000    17.465484092
   26.000000000    19.000000000    17.785876073
   27.000000000    19.000000000    18.198990098
   28.000000000    19.000000000    18.702143770
   29.000000000    19.000000000    19.292192333
   30.000000000    19.000000000    19.965468797
   31.000000000    19.000000000    20.717722409
   32.000000000    19.000000000    21.544059745
   33.000000000    19.000000000    22.438893694
   34.000000000    19.000000000    23.395906484
   35.000000000    19.000000000    24.408033394
   36.000000000    19.000000000    25.467473559
   37.000000000    19.000000000    26.565733231
   38.000000000    19.000000000    27.693704633
   39.000000000    19.000000000    28.841780437
   40.000000000    19.000000000    30.000000000

    0.000000000    20.000000000    40.000000000
    1.000000000    20.000000000    38.301862614
    2.000000000    20.000000000    36.615125428
    3.000000000    20.000000000    34.950969729
    4.000000000    20.000000000    33.320153128
    5.000000000    20.000000000    31.732831218
    6.000000000    20.000000000    30.198414652
    7.000000000    20.000000000    28.725466538
    8.000000000    20.000000000    27.321640953
    9.000000000    20.000000000    25.993659844
   10.000000000    20.000000000    24.747323068
   11.000000000    20.000000000    23.587544761
   12.000000000    20.000000000    22.518408822
   13.000000000    20.000000000    21.543236489
   14.000000000    20.000000000    20.664659841
   15.000000000    20.000000000    19.884696059
   16.000000000    20.000000000    19.204818451
   17.000000000    20.000000000    18.626021269
   18.000000000    20.000000000    18.148876256
   19.000000000    20.000000000    17.773579636
   20.000000000    20.000000000    17.499988723
   21.000000000    20.000000000    17.327647816
   22.000000000    20.000000000    17.255803225
   23.000000000    20.000000000    17.283407516
   24.000000000    20.000000000    17.409113191
   25.000000000    20.000000000    17.631256154
   26.000000000    20.000000000    17.947829530
   27.000000000    20.000000000    18.356448664
   28.000000000    20.000000000    18.854308513
   29.000000000    20.000000000    19.438135186
   30.000000000    20.000000000    20.104134006
   31.000000000    20.000000000    20.847937274
   32.000000000    20.000000000    21.664555715
   33.000000000    20.000000000    22.548338365
   34.000000000    20.000000000    23.492946232
   35.000000000    20.000000000    24.491345263
   36.000000000    20.000000000    25.535823762
   37.000000000    20.000000000    26.618038287
   38.000000000    20.000000000    27.729090126
   39.000000000    20.000000000    28.859631803
   40.000000000    20.000000000    30.000000000

    0.000000000    21.000000000    40.000000000
    1.000000000    21.000000000    38.315451717
    2.000000000    21.000000000    36.642061692
    3.000000000    21.000000000    34.990782057
    4.000000000    21.000000000    33.372165563
    5.000000000    21.000000000    31.796196403
    6.000000000    21.000000000    30.272153409
    7.000000000    21.000000000    28.808510246
    8.000000000    21.000000000    27.412873559
    9.000000000    21.000000000    26.091956816
   10.000000000    21.000000000    24.851585247
   11.000000000    21.000000000    23.696725839
   12.000000000    21.000000000    22.631535821
   13.000000000    21.000000000    21.659423243
   14.000000000    21.000000000    20.783113884
   15.000000000    21.000000000    20.004719629
   16.000000000    21.000000000    19.325804474
   17.000000000    21.000000000    18.747445232
   18.000000000    21.000000000    18.270284877
   19.000000000    21.000000000    17.894577151
   20.000000000    21.000000000    17.620221570
   21.000000000    21.000000000    17.446788380
   22.000000000    21.000000000    17.373533280
   23.000000000    21.000000000    17.399401950
   24.000000000    21.000000000    17.523024577
   25.000000000    21.000000000    17.742700762
   26.000000000    21.000000000    18.056375392
   27.000000000    21.000000000    18.461606340
   28.000000000    21.000000000    18.955525247
   29.000000000    21.000000000    19.534793125
   30.000000000    21.000000000    20.195553126
   31.000000000    21.000000000    20.933383522
   32.000000000    21.000000000    21.743254668
   33.000000000    21.000000000    22.619494360
   34.000000000    21.000000000    23.555766511
   35.000000000    21.000000000    24.545068132
   36.000000000    21.000000000    25.579749236
   37.000000000    21.000000000    26.651559171
   38.000000000    21.000000000    27.751721155
   39.000000000    21.000000000    28.871034342
   40.000000000    21.000000000    30.000000000

    0.000000000    22.000000000    40.000000000
    1.000000000    22.000000000    38.321395745
    2.000000000    22.000000000    36.653891287
    3.000000000    22.000000000    35.008380379
    4.000000000    22.000000000    33.395357935
    5.000000000    22.000000000    31.824751899
    6.000000000    22.000000000    30.305788076
    7.000000000    22.000000000    28.846892332
    8.000000000    22.000000000    27.455630757
    9.000000000    22.000000000    26.138685192
   10.000000000    22.000000000    24.901859229
   11.000000000    22.000000000    23.750108488
   12.000000000    22.000000000    22.687588620
   13.000000000    22.000000000    21.717714720
   14.000000000    22.000000000    20.843226567
   15.000000000    22.000000000    20.066255039
   16.000000000    22.000000000    19.388386042
   17.000000000    22.000000000    18.810719212
   18.000000000    22.000000000    18.333919449
   19.000000000    22.000000000    17.958260010
   20.000000000    22.000000000    17.683656353
   21.000000000    22.000000000    17.509690326
   22.000000000    22.000000000    17.435624528
   23.000000000    22.000000000    17.460406877
   24.000000000    22.000000000    17.582665575
   25.000000000    22.000000000    17.800694814
   26.000000000    22.000000000    18.112431775
   27.000000000    22.000000000    18.515425721
   28.000000000    22.000000000    19.006800351
   29.000000000    22.000000000    19.583211051
   30.000000000    22.000000000    20.240799245
   31.000000000    22.000000000    20.975146747
   32.000000000    22.000000000    21.781233708
   33.000000000    22.000000000    22.653404473
   34.000000000    22.000000000    23.585346156
   35.000000000    22.000000000    24.570084946
   36.000000000    22.000000000    25.600004861
   37.000000000    22.000000000    26.666892682
   38.000000000    22.000000000    27.762011084
   39.000000000    22.000000000    28.876199576
   40.000000000    22.000000000    30.000000000

    0.000000000    23.000000000    40.000000000
    1.000000000    23.000000000    38.319778045
    2.000000000    23.000000000    36.650780658
    3.000000000    23.000000000    35.004013380
    4.000000000    23.000000000    33.390059105
    5.000000000    23.000000000    31.818902889
    6.000000000    23.000000000    30.299794156
    7.000000000    23.000000000    28.841150448
    8.000000000    23.000000000    27.450502361
    9.000000000    23.000000000    26.134475780
   10.000000000    23.000000000    24.898805227
   11.000000000    23.000000000    23.748371123
   12.000000000    23.000000000    22.687253692
   13.000000000    23.000000000    21.718796882
   14.000000000    23.000000000    20.845676659
   15.000000000    23.000000000    20.069969185
   16.000000000    23.000000000    19.393215448
   17.000000000    23.000000000    18.816479931
   18.000000000    23.000000000    18.340401641
   19.000000000    23.000000000    17.965236479
   20.000000000    23.000000000    17.690890350
   21.000000000    23.000000000    17.516942724
   22.000000000    23.000000000    17.442660579
   23.000000000    23.000000000    17.467002791
   24.000000000    23.000000000    17.588615140
   25.000000000    23.000000000    17.805816223
   26.000000000    23.000000000    18.116574714
   27.000000000    23.000000000    18.518478618
   28.000000000    23.000000000    19.008697503
   29.000000000    23.000000000    19.583939103
   30.000000000    23.000000000    20.240402289
   31.000000000    23.000000000    20.973729086
   32.000000000    23.000000000    21.778959238
   33.000000000    23.000000000    22.650491636
   34.000000000    23.000000000    23.582057689
   35.000000000    23.000000000    24.566712152
   36.000000000    23.000000000    25.596846889
   37.000000000    23.000000000    26.664232284
   38.000000000    23.000000000    27.760089256
   39.000000000    23.000000000    28.875192234
   40.000000000    23.000000000    30.000000000

    0.000000000    24.000000000    40.000000000
    1.000000000    24.000000000    38.310485010
    2.000000000    24.000000000    36.632515506
    3.000000000    24.000000000    34.977389732
    4.000000000    24.000000000    33.355931369
    5.000000000    24.000000000    31.778298505
    6.000000000    24.000000000    30.253839209
    7.000000000    24.000000000    28.790997339
    8.000000000    24.000000000    27.397266292
    9.000000000    24.000000000    26.079184249
   10.000000000    24.000000000    24.842362209
   11.000000000    24.000000000    23.691535599
   12.000000000    24.000000000    22.630630816
   13.000000000    24.000000000    21.662839370
   14.000000000    24.000000000    20.790693815
   15.000000000    24.000000000    20.016141142
   16.000000000    24.000000000    19.340610611
   17.000000000    24.000000000    18.765074055
   18.000000000    24.000000000    18.290097472
   19.000000000    24.000000000    17.915883275
   20.000000000    24.000000000    17.642302933
   21.000000000    24.000000000    17.468919977
   22.000000000    24.000000000    17.395003434
   23.000000000    24.000000000    17.419531824
   24.000000000    24.000000000    17.541187880
   25.000000000    24.000000000    17.758344177
   26.000000000    24.000000000    18.069039945
   27.000000000    24.000000000    18.470949445
   28.000000000    24.000000000    18.961342595
   29.000000000    24.000000000    19.537038878
   30.000000000    24.000000000    20.194356155
   31.000000000    24.000000000    20.929056776
   32.000000000    24.000000000    21.736294337
   33.000000000    24.000000000    22.610565534
   34.000000000    24.000000000    23.545672704
   35.000000000    24.000000000    24.534703594
   36.000000000    24.000000000    25.570035346
   37.000000000    24.000000000    26.643369284
   38.000000000    24.000000000    27.745801404
   39.000000000    24.000000000    28.867930314
   40.000000000    24.000000000    30.000000000

    0.000000000    25.000000000    40.000000000
    1.000000000    25.000000000    38.293193173
    2.000000000    25.000000000    36.598477135
    3.000000000    25.000000000    34.927647447
    4.000000000    25.000000000    33.291937261
    5.000000000    25.000000000    31.701800253
    6.000000000    25.000000000    30.166756118
    7.000000000    25.000000000    28.695300875
    8.000000000    25.000000000    27.294876023
    9.000000000    25.000000000    25.971885612
   10.000000000    25.000000000    24.731748335
   11.000000000    25.000000000    23.578972202
   12.000000000    25.000000000    22.517241168
   13.000000000    25.000000000    21.549505394
   14.000000000    25.000000000    20.678069206
   15.000000000    25.000000000    19.904672785
   16.000000000    25.000000000    19.230565209
   17.000000000    25.000000000    18.656567620
   18.000000000    25.000000000    18.183126015
   19.000000000    25.000000000    17.810353642
   20.000000000    25.000000000    17.538063220
   21.000000000    25.000000000    17.365789292
   22.000000000    25.000000000    17.292800986
   23.000000000    25.000000000    17.318105439
   24.000000000    25.000000000    17.440441988
   25.000000000    25.000000000    17.658267213
   26.000000000    25.000000000    17.969730822
   27.000000000    25.000000000    18.372642447
   28.000000000    25.000000000    18.864429535
   29.000000000    25.000000000    19.442086857
   30.000000000    25.000000000    20.102118707
   31.000000000    25.000000000    20.840475667
   32.000000000    25.000000000    21.652489015
   33.000000000    25.000000000    22.532807325
   34.000000000    25.000000000    23.475341542
   35.000000000    25.000000000    24.473226597
   36.000000000    25.000000000    25.518808941
   37.000000000    25.000000000    26.603669711
   38.000000000    25.000000000    27.718691802
   39.000000000    25.000000000    28.854175351
   40.000000000    25.000000000    30.000000000

    0.000000000    26.000000000    40.000000000
    1.000000000    26.000000000    38.267341028
    2.000000000    26.000000000    36.547590615
    3.000000000    26.000000000    34.853286238
    4.000000000    26.000000000    33.196265320
    5.000000000    26.000000000    31.587409870
    6.000000000    26.000000000    30.036479797
    7.000000000    26.000000000    28.552033802
    8.000000000    26.000000000    27.141425053
    9.000000000    26.000000000    25.810853078
   10.000000000    26.000000000    24.565452476
   11.000000000    26.000000000    23.409401421
   12.000000000    26.000000000    22.346036749
   13.000000000    26.000000000    21.377966397
   14.000000000    26.000000000    20.507173403
   15.000000000    26.000000000    19.735108325
   16.000000000    26.000000000    19.062768794
   17.000000000    26.000000000    18.490766041
   18.000000000    26.000000000    18.019378942
   19.000000000    26.000000000    17.648596347
   20.000000000    26.000000000    17.378148570
   21.000000000    26.000000000    17.207528774
   22.000000000    26.000000000    17.136004822
   23.000000000    26.000000000    17.162621939
   24.000000000    26.000000000    17.286196295
   25.000000000    26.000000000    17.505299375
   26.000000000    26.000000000    17.818232854
   27.000000000    26.000000000    18.222993527
   28.000000000    26.000000000    18.717227892
   29.000000000    26.000000000    19.298176119
   30.000000000    26.000000000    19.962605654
   31.000000000    26.000000000    20.706735501
   32.000000000    26.000000000    21.526153636
   33.000000000    26.000000000    22.415731966
   34.000000000    26.000000000    23.369545800
   35.000000000    26.000000000    24.380807821
   36.000000000    26.000000000    25.441829353
   37.000000000    26.000000000    26.544023536
   38.000000000    26.000000000    27.677964369
   39.000000000    26.000000000    28.833511269
   40.000000000    26.000000000    30.000000000

    0.000000000    27.000000000    40.000000000
    1.000000000    27.000000000    38.232081048
    2.000000000    27.000000000    36.478236937
    3.000000000    27.000000000    34.752053637
    4.000000000    27.000000000    33.066206137
    5.000000000    27.000000000    31.432149872
    6.000000000    27.000000000    29.859943149
    7.000000000    27.000000000    28.358191530
    8.000000000    27.000000000    26.934088751
    9.000000000    27.000000000    25.593522966
   10.000000000    27.000000000    24.341219214
   11.000000000    27.000000000    23.180895072
   12.000000000    27.000000000    22.115413541
   13.000000000    27.000000000    21.146923518
   14.000000000    27.000000000    20.276983052
   15.000000000    27.000000000    19.506663858
   16.000000000    27.000000000    18.836637539
   17.000000000    27.000000000    18.267245012
   18.000000000    27.000000000    17.798551011
   19.000000000    27.000000000    17.430385514
   20.000000000    27.000000000    17.162373749
   21.000000000    27.000000000    16.993956023
   22.000000000    27.000000000    16.924398298
   23.000000000    27.000000000    16.952793957
   24.000000000    27.000000000    17.078056835
   25.000000000    27.000000000    17.298905198
   26.000000000    27.000000000    17.613835954
   27.000000000    27.000000000    18.021088094
   28.000000000    27.000000000    18.518594127
   29.000000000    27.000000000    19.103918229
   30.000000000    27.000000000    19.774180086
   31.000000000    27.000000000    20.525964181
   32.000000000    27.000000000    21.355215716
   33.000000000    27.000000000    22.257126851
   34.000000000    27.000000000    23.226020514
   35.000000000    27.000000000    24.255243815
   36.000000000    27.000000000    25.337088356
   37.000000000    27.000000000    26.462759330
   38.000000000    27.000000000    27.622416814
   39.000000000    27.000000000    28.805308410
   40.000000000    27.000000000    30.000000000

    0.000000000    28.000000000    40.000000000
    1.000000000    28.000000000    38.186203795
    2.000000000    28.000000000    36.388115297
    3.000000000    28.000000000    34.620768958
    4.000000000    28.000000000    32.897964095
    5.000000000    28.000000000    31.231885849
    6.000000000    28.000000000    29.632925847
    7.000000000    28.000000000    28.109675712
    8.000000000    28.000000000    26.669044528
    9.000000000    28.000000000    25.316448688
   10.000000000    28.000000000    24.056031266
   11.000000000    28.000000000    22.890880882
   12.000000000    28.000000000    21.823232118
   13.000000000    28.000000000    20.854638920
   14.000000000    28.000000000    19.986118703
   15.000000000    28.000000000    19.218268550
   16.000000000    28.000000000    18.551356671
   17.000000000    28.000000000    17.985392877
   18.000000000    28.000000000    17.520181701
   19.000000000    28.000000000    17.155361305
   20.000000000    28.000000000    16.890430703
   21.000000000    28.000000000    16.724767158
   22.000000000    28.000000000    16.657634964
   23.000000000    28.000000000    16.688186220
   24.000000000    28.000000000    16.815453612
   25.000000000    28.000000000    17.038334624
   26.000000000    28.000000000    17.355566061
   27.000000000    28.000000000    17.765687165
   28.000000000    28.000000000    18.266989117
   29.000000000    28.000000000    18.857448293
   30.000000000    28.000000000    19.534640554
   31.000000000    28.000000000    20.295634226
   32.000000000    28.000000000    21.136860798
   33.000000000    28.000000000    22.053965059
   34.000000000    28.000000000    23.041641160
   35.000000000    28.000000000    24.093468045
   36.000000000    28.000000000    25.201766848
   37.000000000    28.000000000    26.357512378
   38.000000000    28.000000000    27.550337440
   39.000000000    28.000000000    28.768666660
   40.000000000    28.000000000    30.000000000

    0.000000000    29.000000000    40.000000000
    1.000000000    29.000000000    38.128020059
    2.000000000    29.000000000    36.274032022
    3.000000000    29.000000000    34.455058939
    4.000000000    29.000000000    32.686382054
    5.000000000    29.000000000    30.981074583
    6.000000000    29.000000000    29.349847627
    7.000000000    29.000000000    27.801141831
    8.000000000    29.000000000    26.341373124
    9.000000000    29.000000000    24.975249132
   10.000000000    29.000000000    23.706095622
   11.000000000    29.000000000    22.536156618
   12.000000000    29.000000000    21.466851002
   13.000000000    29.000000000    20.498981212
   14.000000000    29.000000000    19.632896878
   15.000000000    29.000000000    18.868619588
   16.000000000    29.000000000    18.205935871
   17.000000000    29.000000000    17.644465124
   18.000000000    29.000000000    17.183708220
   19.000000000    29.000000000    16.823081379
   20.000000000    29.000000000    16.561938749
   21.000000000    29.000000000    16.399586129
   22.000000000    29.000000000    16.335287337
   23.000000000    29.000000000    16.368263956
   24.000000000    29.000000000    16.497688370
   25.000000000    29.000000000    16.722669312
   26.000000000    29.000000000    17.042228338
   27.000000000    29.000000000    17.455264774
   28.000000000    29.000000000    17.960505841
   29.000000000    29.000000000    18.556437685
   30.000000000    29.000000000    19.241212349
   31.000000000    29.000000000    20.012525378
   32.000000000    29.000000000    20.867459438
   33.000000000    29.000000000    21.802291830
   34.000000000    29.000000000    22.812269215
   35.000000000    29.000000000    23.891362425
   36.000000000    29.000000000    25.032028676
   37.000000000    29.000000000    26.225026638
   38.000000000    29.000000000    27.459346981
   39.000000000    29.000000000    28.722327120
   40.000000000    29.000000000    30.000000000

    0.000000000    30.000000000    40.000000000
    1.000000000    30.000000000    38.055176359
    2.000000000    30.000000000    36.131576196
    3.000000000    30.000000000    34.248962790
    4.000000000    30.000000000    32.424544531
    5.000000000    30.000000000    30.672416247
    6.000000000    30.000000000    29.003496945
    7.000000000    30.000000000    27.425811365
    8.000000000    30.000000000    25.944947600
    9.000000000    30.000000000    24.564560787
   10.000000000    30.000000000    23.286843131
   11.000000000    30.000000000    22.112922543
   12.000000000    30.000000000    21.043179914
   13.000000000    30.000000000    20.077490337
   14.000000000    30.000000000    19.215400166
   15.000000000    30.000000000    18.456253294
   16.000000000    30.000000000    17.799278988
   17.000000000    30.000000000    17.243651561
   18.000000000    30.000000000    16.788529902
   19.000000000    30.000000000    16.433082859
   20.000000000    30.000000000    16.176504762
   21.000000000    30.000000000    16.018023926
   22.000000000    30.000000000    15.956905894
   23.000000000    30.000000000    15.992452151
   24.000000000    30.000000000    16.123994196
   25.000000000    30.000000000    16.350881962
   26.000000000    30.000000000    16.672464604
   27.000000000    30.000000000    17.088060566
   28.000000000    30.000000000    17.596912480
   29.000000000    30.000000000    18.198120903
   30.000000000    30.000000000    18.890549192
   31.000000000    30.000000000    19.672690263
   32.000000000    30.000000000    20.542485178
   33.000000000    30.000000000    21.497084636
   34.000000000    30.000000000    22.532549385
   35.000000000    30.000000000    23.643497016
   36.000000000    30.000000000    24.822723432
   37.000000000    30.000000000    26.060858803
   38.000000000    30.000000000    27.346155498
   39.000000000    30.000000000    28.664533819
   40.000000000    30.000000000    30.000000000

    0.000000000    31.000000000    40.000000000
    1.000000000    31.000000000    37.964359197
    2.000000000    31.000000000    35.954612698
    3.000000000    31.000000000    33.994337900
    4.000000000    31.000000000    32.103208524
    5.000000000    31.000000000    30.296383236
    6.000000000    31.000000000    28.584687961
    7.000000000    31.000000000    26.975255210
    8.000000000    31.000000000    25.472323723
    9.000000000    31.000000000    24.078009273
   10.000000000    31.000000000    22.792956124
   11.000000000    31.000000000    21.616844249
   12.000000000    31.000000000    20.548762065
   13.000000000    31.000000000    19.587468370
   14.000000000    31.000000000    18.731569491
   15.000000000    31.000000000    17.979634802
   16.000000000    31.000000000    17.330269180
   17.000000000    31.000000000    16.782156406
   18.000000000    31.000000000    16.334083648
   19.000000000    31.000000000    15.984954100
   20.000000000    31.000000000    15.733792550
   21.000000000    31.000000000    15.579746949
   22.000000000    31.000000000    15.522087727
   23.000000000    31.000000000    15.560205582
   24.000000000    31.000000000    15.693607555
   25.000000000    31.000000000    15.921910241
   26.000000000    31.000000000    16.244827950
   27.000000000    31.000000000    16.662152260
   28.000000000    31.000000000    17.173717635
   29.000000000    31.000000000    17.779345494
   30.000000000    31.000000000    18.478756168
   31.000000000    31.000000000    19.271434793
   32.000000000    31.000000000    20.156433705
   33.000000000    31.000000000    21.132091816
   34.000000000    31.000000000    22.195653159
   35.000000000    31.000000000    23.342777263
   36.000000000    31.000000000    24.566960023
   37.000000000    31.000000000    25.858932900
   38.000000000    31.000000000    27.206182356
   39.000000000    31.000000000    28.592812000
   40.000000000    31.000000000    30.000000000

    0.000000000    32.000000000    40.000000000
    1.000000000    32.000000000    37.850803523
    2.000000000    32.000000000    35.734468747
    3.000000000    32.000000000    33.679953750
    4.000000000    32.000000000    31.709989079
    5.000000000    32.000000000    29.840595460
    6.000000000    32.000000000    28.081847548
    7.000000000    32.000000000    26.439167815
    8.000000000    32.000000000    24.914657537
    9.000000000    32.000000000    23.508225302
   10.000000000    32.000000000    22.218444933
   11.000000000    32.000000000    21.043161595
   12.000000000    32.000000000    19.979896425
   13.000000000    32.000000000    19.026103221
   14.000000000    32.000000000    18.179322605
   15.000000000    32.000000000    17.437268251
   16.000000000    32.000000000    16.797869991
   17.000000000    32.000000000    16.259290852
   18.000000000    32.000000000    15.819929424
   19.000000000    32.000000000    15.478414976
   20.000000000    32.000000000    15.233600027
   21.000000000    32.000000000    15.084553183
   22.000000000    32.000000000    15.030553795
   23.000000000    32.000000000    15.071088994
   24.000000000    32.000000000    15.205852845
   25.000000000    32.000000000    15.434746521
   26.000000000    32.000000000    15.757877336
   27.000000000    32.000000000    16.175553038
   28.000000000    32.000000000    16.688265720
   29.000000000    32.000000000    17.296656698
   30.000000000    32.000000000    18.001449453
   31.000000000    32.000000000    18.803331978
   32.000000000    32.000000000    19.702762478
   33.000000000    32.000000000    20.699664303
   34.000000000    32.000000000    21.792969923
   35.000000000    32.000000000    22.979976122
   36.000000000    32.000000000    24.255496320
   37.000000000    32.000000000    25.610861061
   38.000000000    32.000000000    27.032946346
   39.000000000    32.000000000    28.503599573
   40.000000000    32.000000000    30.000000000

    0.000000000    33.000000000    40.000000000
    1.000000000    33.000000000    37.707435808
    2.000000000    33.000000000    35.458584677
    3.000000000    33.000000000    33.290089762
    4.000000000    33.000000000    31.228201499
    5.000000000    33.000000000    29.289020128
    6.000000000    33.000000000    27.480556902
    7.000000000    33.000000000    25.805175729
    8.000000000    33.000000000    24.261695172
    9.000000000    33.000000000    22.846942911
   10.000000000    33.000000000    21.556801441
   11.000000000    33.000000000    20.386862842
   12.000000000    33.000000000    19.332811834
   13.000000000    33.000000000    18.390631897
   14.000000000    33.000000000    17.556701889
   15.000000000    33.000000000    16.827828249
   16.000000000    33.000000000    16.201241725
   17.000000000    33.000000000    15.674576671
   18.000000000    33.000000000    15.245843899
   19.000000000    33.000000000    14.913403588
   20.000000000    33.000000000    14.675942012
   21.000000000    33.000000000    14.532454108
   22.000000000    33.000000000    14.482232883
   23.000000000    33.000000000    14.524865910
   24.000000000    33.000000000    14.660238655
   25.000000000    33.000000000    14.888543711
   26.000000000    33.000000000    15.210294240
   27.000000000    33.000000000    15.626338625
   28.000000000    33.000000000    16.137871245
   29.000000000    33.000000000    16.746430986
   30.000000000    33.000000000    17.453873794
   31.000000000    33.000000000    18.262297428
   32.000000000    33.000000000    19.173884505
   33.000000000    33.000000000    20.190613136
   34.000000000    33.000000000    21.313764027
   35.000000000    33.000000000    22.543134536
   36.000000000    33.000000000    23.875871294
   37.000000000    33.000000000    25.304892238
   38.000000000    33.000000000    26.817053979
   39.000000000    33.000000000    28.391604518
   40.000000000    33.000000000    30.000000000

    0.000000000    34.000000000    40.000000000
    1.000000000    34.000000000    37.523287069
    2.000000000    34.000000000    35.108189562
    3.000000000    34.000000000    32.802339769
    4.000000000    34.000000000    30.635247003
    5.000000000    34.000000000    28.621011733
    6.000000000    34.000000000    26.763122643
    7.000000000    34.000000000    25.058766194
    8.000000000    34.000000000    23.501907700
    9.000000000    34.000000000    22.085233026
   10.000000000    34.000000000    20.801264374
   11.000000000    34.000000000    19.642944553
   12.000000000    34.000000000    18.603903788
   13.000000000    34.000000000    17.678547884
   14.000000000    34.000000000    16.862052293
   15.000000000    34.000000000    16.150311384
   16.000000000    34.000000000    15.539870787
   17.000000000    34.000000000    15.027857999
   18.000000000    34.000000000    14.611919217
   19.000000000    34.000000000    14.290166307
   20.000000000    34.000000000    14.061135639
   21.000000000    34.000000000    13.923759396
   22.000000000    34.000000000    13.877349430
   23.000000000    34.000000000    13.921593496
   24.000000000    34.000000000    14.056563587
   25.000000000    34.000000000    14.282735916
   26.000000000    34.000000000    14.601021723
   27.000000000    34.000000000    15.012807289
   28.000000000    34.000000000    15.519999934
   29.000000000    34.000000000    16.125073778
   30.000000000    34.000000000    16.831103678
   31.000000000    34.000000000    17.641766248
   32.000000000    34.000000000    18.561270835
   33.000000000    34.000000000    19.594156949
   34.000000000    34.000000000    20.744853895
   35.000000000    34.000000000    22.016842020
   36.000000000    34.000000000    23.411194689
   37.000000000    34.000000000    24.924265863
   38.000000000    34.000000000    26.544456394
   39.000000000    34.000000000    28.248614753
   40.000000000    34.000000000    30.000000000

    0.000000000    35.000000000    40.000000000
    1.000000000    35.000000000    37.280326299
    2.000000000    35.000000000    34.654135447
    3.000000000    35.000000000    32.184170774
    4.000000000    35.000000000    29.900468666
    5.000000000    35.000000000    27.810315479
    6.000000000    35.000000000    25.908350997
    7.000000000    35.000000000    24.183487040
    8.000000000    35.000000000    22.622878581
    9.000000000    35.000000000    21.213939365
   10.000000000    35.000000000    19.945233438
   11.000000000    35.000000000    18.806774993
   12.000000000    35.000000000    17.790040142
   13.000000000    35.000000000    16.887852701
   14.000000000    35.000000000    16.094226407
   15.000000000    35.000000000    15.404203468
   16.000000000    35.000000000    14.813707351
   17.000000000    35.000000000    14.319416761
   18.000000000    35.000000000    13.918662563
   19.000000000    35.000000000    13.609347079
   20.000000000    35.000000000    13.389884428
   21.000000000    35.000000000    13.259160487
   22.000000000    35.000000000    13.216511342
   23.000000000    35.000000000    13.261719511
   24.000000000    35.000000000    13.395027711
   25.000000000    35.000000000    13.617170364
   26.000000000    35.000000000    13.929423345
   27.000000000    35.000000000    14.333672531
   28.000000000    35.000000000    14.832501173
   29.000000000    35.000000000    15.429294470
   30.000000000    35.000000000    16.128355876
   31.000000000    35.000000000    16.935021468
   32.000000000    35.000000000    17.855742300
   33.000000000    35.000000000    18.898072777
   34.000000000    35.000000000    20.070443346
   35.000000000    35.000000000    21.381489739
   36.000000000    35.000000000    22.838539351
   37.000000000    35.000000000    24.444631170
   38.000000000    35.000000000    26.193325189
   39.000000000    35.000000000    28.061123278
   40.000000000    35.000000000    30.000000000

    0.000000000    36.000000000    40.000000000
    1.000000000    36.000000000    36.946546907
    2.000000000    36.000000000    34.049166434
    3.000000000    36.000000000    31.387663330
    4.000000000    36.000000000    28.982627336
    5.000000000    36.000000000    26.824410824
    6.000000000    36.000000000    24.891870131
    7.000000000    36.000000000    23.161655991
    8.000000000    36.000000000    21.612082797
    9.000000000    36.000000000    20.224386843
   10.000000000    36.000000000    18.982861261
   11.000000000    36.000000000    17.874567926
   12.000000000    36.000000000    16.888932194
   13.000000000    36.000000000    16.017343908
   14.000000000    36.000000000    15.252807967
   15.000000000    36.000000000    14.589654266
   16.000000000    36.000000000    14.023304002
   17.000000000    36.000000000    13.550085326
   18.000000000    36.000000000    13.167090905
   19.000000000    36.000000000    12.872070905
   20.000000000    36.000000000    12.663356246
   21.000000000    36.000000000    12.539808338
   22.000000000    36.000000000    12.500792816
   23.000000000    36.000000000    12.546175968
   24.000000000    36.000000000    12.676343703
   25.000000000    36.000000000    12.892244028
   26.000000000    36.000000000    13.195455150
   27.000000000    36.000000000    13.588282482
   28.000000000    36.000000000    14.073888956
   29.000000000    36.000000000    14.656463832
   30.000000000    36.000000000    15.341434968
   31.000000000    36.000000000    16.135726563
   32.000000000    36.000000000    17.048054795
   33.000000000    36.000000000    18.089228742
   34.000000000    36.000000000    19.272363864
   35.000000000    36.000000000    20.612778552
   36.000000000    36.000000000    22.127048443
   37.000000000    36.000000000    23.830102671
   38.000000000    36.000000000    25.728254364
   39.000000000    36.000000000    27.805143067
   40.000000000    36.000000000    30.000000000

    0.000000000    37.000000000    40.000000000
    1.000000000    37.000000000    36.459209977
    2.000000000    37.000000000    33.213334004
    3.000000000    37.000000000    30.342169295
    4.000000000    37.000000000    27.827865445
    5.000000000    37.000000000    25.625084009
    6.000000000    37.000000000    23.687592398
    7.000000000    37.000000000    21.975896541
    8.000000000    37.000000000    20.458198193
    9.000000000    37.000000000    19.109408235
   10.000000000    37.000000000    17.909824792
   11.000000000    37.000000000    16.843951424
   12.000000000    37.000000000    15.899551459
   13.000000000    37.000000000    15.066921001
   14.000000000    37.000000000    14.338338066
   15.000000000    37.000000000    13.707646972
   16.000000000    37.000000000    13.169945222
   17.000000000    37.000000000    12.721348273
   18.000000000    37.000000000    12.358814247
   19.000000000    37.000000000    12.080015754
   20.000000000    37.000000000    11.883249843
   21.000000000    37.000000000    11.767379996
   22.000000000    37.000000000    11.731806426
   23.000000000    37.000000000    11.776462839
   24.000000000    37.000000000    11.901839605
   25.000000000    37.000000000    12.109035059
   26.000000000    37.000000000    12.399838628
   27.000000000    37.000000000    12.776851851
   28.000000000    37.000000000    13.243656391
   29.000000000    37.000000000    13.805042059
   30.000000000    37.000000000    14.467312993
   31.000000000    37.000000000    15.238696266
   32.000000000    37.000000000    16.129883385
   33.000000000    37.000000000    17.154736403
   34.000000000    37.000000000    18.331171609
   35.000000000    37.000000000    19.682148637
   36.000000000    37.000000000    21.236408459
   37.000000000    37.000000000    23.027753582
   38.000000000    37.000000000    25.089321867
   39.000000000    37.000000000    27.433639538
   40.000000000    37.000000000    30.000000000

    0.000000000    38.000000000    40.000000000
    1.000000000    38.000000000    35.679315523
    2.000000000    38.000000000    32.007488176
    3.000000000    38.000000000    28.946823332
    4.000000000    38.000000000    26.370856015
    5.000000000    38.000000000    24.171948535
    6.000000000    38.000000000    22.271132621
    7.000000000    38.000000000    20.611798533
    8.000000000    38.000000000    19.153009162
    9.000000000    38.000000000    17.864659641
   10.000000000    38.000000000    16.724223474
   11.000000000    38.000000000    15.714581036
   12.000000000    38.000000000    14.822550994
   13.000000000    38.000000000    14.037877958
   14.000000000    38.000000000    13.352521078
   15.000000000    38.000000000    12.760145694
   16.000000000    38.000000000    12.255755438
   17.000000000    38.000000000    11.835424072
   18.000000000    38.000000000    11.496100196
   19.000000000    38.000000000    11.235466906
   20.000000000    38.000000000    11.051844506
   21.000000000    38.000000000    10.944128513
   22.000000000    38.000000000    10.911758319
   23.000000000    38.000000000    10.954714328
   24.000000000    38.000000000    11.073543580
   25.000000000    38.000000000    11.269416150
   26.000000000    38.000000000    11.544217188
   27.000000000    38.000000000    11.900682817
   28.000000000    38.000000000    12.342592760
   29.000000000    38.000000000    12.875039429
   30.000000000    38.000000000    13.504803621
   31.000000000    38.000000000    14.240883542
   32.000000000    38.000000000    15.095250327
   33.000000000    38.000000000    16.083946353
   34.000000000    38.000000000    17.228711225
   35.000000000    38.000000000    18.559419907
   36.000000000    38.000000000    20.117711013
   37.000000000    38.000000000    21.961999457
   38.000000000    38.000000000    24.172207973
   39.000000000    38.000000000    26.842384000
   40.000000000    38.000000000    30.000000000

    0.000000000    39.000000000    40.000000000
    1.000000000    39.000000000    34.252753104
    2.000000000    39.000000000    30.194844060
    3.000000000    39.000000000    27.073290993
    4.000000000    39.000000000    24.545402909
    5.000000000    39.000000000    22.431387256
    6.000000000    39.000000000    20.625837866
    7.000000000    39.000000000    19.061702647
    8.000000000    39.000000000    17.693733991
    9.000000000    39.000000000    16.490053815
   10.000000000    39.000000000    15.427471899
   11.000000000    39.000000000    14.488704202
   12.000000000    39.000000000    13.660628158
   13.000000000    39.000000000    12.933140266
   14.000000000    39.000000000    12.298382109
   15.000000000    39.000000000    11.750201898
   16.000000000    39.000000000    11.283772525
   17.000000000    39.000000000    10.895317367
   18.000000000    39.000000000    10.581912911
   19.000000000    39.000000000    10.341348167
   20.000000000    39.000000000    10.172027873
   21.000000000    39.000000000    10.072911151
   22.000000000    39.000000000    10.043480711
   23.000000000    39.000000000    10.083740304
   24.000000000    39.000000000    10.194240505
   25.000000000    39.000000000    10.376135304
   26.000000000    39.000000000    10.631274806
   27.000000000    39.000000000    10.962343092
   28.000000000    39.000000000    11.373055715
   29.000000000    39.000000000    11.868439597
   30.000000000    39.000000000    12.455231556
   31.000000000    39.000000000    13.142454448
   32.000000000    39.000000000    13.942270411
   33.000000000    39.000000000    14.871286414
   34.000000000    39.000000000    15.952638012
   35.000000000    39.000000000    17.219498431
   36.000000000    39.000000000    18.721402900
   37.000000000    39.000000000    20.536659156
   38.000000000    39.000000000    22.799370133
   39.000000000    39.000000000    25.765816576
   40.000000000    39.000000000    30.000000000

    0.000000000    40.000000000     0.000000000
    1.000000000    40.000000000    31.138866458
    2.000000000    40.000000000    27.449858236
    3.000000000    40.000000000    24.612082721
    4.000000000    40.000000000    22.314002645
    5.000000000    40.000000000    20.392170233
    6.000000000    40.000000000    18.750761697
    7.000000000    40.000000000    17.328820588
    8.000000000    40.000000000    16.085212719
    9.000000000    40.000000000    14.990958014
   10.000000000    40.000000000    14.024974454
   11.000000000    40.000000000    13.171549275
   12.000000000    40.000000000    12.418752871
   13.000000000    40.000000000    11.757400242
   14.000000000    40.000000000    11.180347372
   15.000000000    40.000000000    10.682001725
   16.000000000    40.000000000    10.257975023
   17.000000000    40.000000000     9.904833970
   18.000000000    40.000000000     9.619920828
   19.000000000    40.000000000     9.401225607
   20.000000000    40.000000000     9.247298066
   21.000000000    40.000000000     9.157191956
   22.000000000    40.000000000     9.130437010
   23.000000000    40.000000000     9.167036640
   24.000000000    40.000000000     9.267491368
   25.000000000    40.000000000     9.432850277
   26.000000000    40.000000000     9.664795278
   27.000000000    40.000000000     9.965766447
   28.000000000    40.000000000    10.339141559
   29.000000000    40.000000000    10.789490543
   30.000000000    40.000000000    11.322937778
   31.000000000    40.000000000    11.947685862
   32.000000000    40.000000000    12.674791283
   33.000000000    40.000000000    13.519351286
   34.000000000    40.000000000    14.502398193
   35.000000000    40.000000000    15.654089483
   36.000000000    40.000000000    17.019457182
   37.000000000    40.000000000    18.669690142
   38.000000000    40.000000000    20.726700121
   39.000000000    40.000000000    23.423469614
   40.000000000    40.000000000     0.000000000
