
    0.000000000     0.000000000    40.000000000
    1.000000000     0.000000000    17.026883086
    2.000000000     0.000000000    12.724456185
    3.000000000     0.000000000    10.097772506
    4.000000000     0.000000000     8.345380139
    5.000000000     0.000000000     7.100256071
    6.000000000     0.000000000     6.174347461
    7.000000000     0.000000000     5.462178241
    8.000000000     0.000000000     4.900242187
    9.000000000     0.000000000     4.448124277
   10.000000000     0.000000000     4.078955466
   11.000000000     0.000000000     3.774238987
   12.000000000     0.000000000     3.520881245
   13.000000000     0.000000000     3.309405950
   14.000000000     0.000000000     3.132837545
   15.000000000     0.000000000     2.985980614
   16.000000000     0.000000000     2.864942962
   17.000000000     0.000000000     2.766814111
   18.000000000     0.000000000     2.689446432
   19.000000000     0.000000000     2.631306622
   20.000000000     0.000000000     2.591377537
   21.000000000     0.000000000     2.569098217
   22.000000000     0.000000000     2.564335147
   23.000000000     0.000000000     2.577381750
   24.000000000     0.000000000     2.608986458
   25.000000000     0.000000000     2.660413224
   26.000000000     0.000000000     2.733542660
   27.000000000     0.000000000     2.831028074
   28.000000000     0.000000000     2.956530126
   29.000000000     0.000000000     3.115069311
   30.000000000     0.000000000     3.313562173
   31.000000000     0.000000000     3.561655263
   32.000000000     0.000000000     3.873061671
   33.000000000     0.000000000     4.267785454
   34.000000000     0.000000000     4.775999888
   35.000000000     0.000000000     5.445204645
   36.000000000     0.000000000     6.354383275
   37.000000000     0.000000000     7.644457076
   38.000000000     0.000000000     9.590578961
   39.000000000     0.000000000    12.793726421
   40.000000000     0.000000000    30.000000000

    0.000000000     1.000000000    40.000000000
    1.000000000     1.000000000    27.243012938
    2.000000000     1.000000000    20.359129896
    3.000000000     1.000000000    16.156436010
    4.000000000     1.000000000    13.352608223
    5.000000000     1.000000000    11.360409714
    6.000000000     1.000000000     9.878955937
    7.000000000     1.000000000     8.739485186
    8.000000000     1.000000000     7.840387500
    9.000000000     1.000000000     7.116998843
   10.000000000     1.000000000     6.526328746
   11.000000000     1.000000000     6.038782379
   12.000000000     1.000000000     5.633409992
   13.000000000     1.000000000     5.295049520
   14.000000000     1.000000000     5.012540072
   15.000000000     1.000000000     4.777568982
   16.000000000     1.000000000     4.583908739
   17.000000000     1.000000000     4.426902577
   18.000000000     1.000000000     4.303114292
   19.000000000     1.000000000     4.210090595
   20.000000000     1.000000000     4.146204059
   21.000000000     1.000000000     4.110557146
   22.000000000     1.000000000     4.102936235
   23.000000000     1.000000000     4.123810800
   24.000000000     1.000000000     4.174378332
   25.000000000     1.000000000     4.256661158
   26.000000000     1.000000000     4.373668256
   27.000000000     1.000000000     4.529644918
   28.000000000     1.000000000     4.730448201
   29.000000000     1.000000000     4.984110898
   30.000000000     1.000000000     5.301699477
   31.000000000     1.000000000     5.698648421
   32.000000000     1.000000000     6.196898673
   33.000000000     1.000000000     6.828456727
   34.000000000     1.000000000     7.641599821
   35.000000000     1.000000000     8.712327433
   36.000000000     1.000000000    10.167013240
   37.000000000     1.000000000    12.231131321
   38.000000000     1.000000000    15.344926337
   39.000000000     1.000000000    20.469962273
   40.000000000     1.000000000    30.000000000

    0.000000000     2.000000000    40.000000000
    1.000000000     2.000000000    31.586038958
    2.000000000     2.000000000    25.312614823
    3.000000000     2.000000000    20.816233972
    4.000000000     2.000000000    17.548207765
    5.000000000     2.000000000    15.109819537
    6.000000000     2.000000000    13.241582470
    7.000000000     2.000000000    11.776420312
    8.000000000     2.000000000    10.604825183
    9.000000000     2.000000000     9.653156399
   10.000000000     2.000000000     8.870579982
   11.000000000     2.000000000     8.221153604
   12.000000000     2.000000000     7.678928752
   13.000000000     2.000000000     7.224844099
   14.000000000     2.000000000     6.844706365
   15.000000000     2.000000000     6.527848707
   16.000000000     2.000000000     6.266222703
   17.000000000     2.000000000     6.053775485
   18.000000000     2.000000000     5.886019917
   19.000000000     2.000000000     5.759739784
   20.000000000     2.000000000     5.672793342
   21.000000000     2.000000000     5.623992452
   22.000000000     2.000000000     5.613044201
   23.000000000     2.000000000     5.640549201
   24.000000000     2.000000000     5.708057180
   25.000000000     2.000000000     5.818187023
   26.000000000     2.000000000     5.974826413
   27.000000000     2.000000000     6.183437175
   28.000000000     2.000000000     6.451508792
   29.000000000     2.000000000     6.789228414
   30.000000000     2.000000000     7.210478104
   31.000000000     2.000000000     7.734341818
   32.000000000     2.000000000     8.387429275
   33.000000000     2.000000000     9.207544206
   34.000000000     2.000000000    10.249616318
   35.000000000     2.000000000    11.595492937
   36.000000000     2.000000000    13.370211667
   37.000000000     2.000000000    15.768129188
   38.000000000     2.000000000    19.088033167
   39.000000000     2.000000000    23.741196521
   40.000000000     2.000000000    30.000000000

    0.000000000     3.000000000    40.000000000
    1.000000000     3.000000000    33.788528326
    2.000000000     3.000000000    28.489056979
    3.000000000     3.000000000    24.247678053
    4.000000000     3.000000000    20.914170339
    5.000000000     3.000000000    18.289079449
    6.000000000     3.000000000    16.201135579
    7.000000000     3.000000000    14.519790115
    8.000000000     3.000000000    13.149338444
    9.000000000     3.000000000    12.020223711
   10.000000000     3.000000000    11.081683491
   11.000000000     3.000000000    10.296325789
   12.000000000     3.000000000     9.636309958
   13.000000000     3.000000000     9.080694548
   14.000000000     3.000000000     8.613595494
   15.000000000     3.000000000     8.222899798
   16.000000000     3.000000000     7.899360989
   17.000000000     3.000000000     7.635959924
   18.000000000     3.000000000     7.427453336
   19.000000000     3.000000000     7.270058542
   20.000000000     3.000000000     7.161240341
   21.000000000     3.000000000     7.099578379
   22.000000000     3.000000000     7.084702145
   23.000000000     3.000000000     7.117287802
   24.000000000     3.000000000     7.199117274
   25.000000000     3.000000000     7.333206361
   26.000000000     3.000000000     7.524016111
   27.000000000     3.000000000     7.777771365
   28.000000000     3.000000000     8.102924021
   29.000000000     3.000000000     8.510818350
   30.000000000     3.000000000     9.016645017
   31.000000000     3.000000000     9.640813596
   32.000000000     3.000000000    10.410934323
   33.000000000     3.000000000    11.364676213
   34.000000000     3.000000000    12.553829794
   35.000000000     3.000000000    14.049817581
   36.000000000     3.000000000    15.950212313
   37.000000000     3.000000000    18.383141360
   38.000000000     3.000000000    21.497881135
   39.000000000     3.000000000    25.406790901
   40.000000000     3.000000000    30.000000000

    0.000000000     4.000000000    40.000000000
    1.000000000     4.000000000    35.079017693
    2.000000000     4.000000000    30.607407360
    3.000000000     4.000000000    26.771251889
    4.000000000     4.000000000    23.571717369
    5.000000000     4.000000000    20.931193927
    6.000000000     4.000000000    18.754092163
    7.000000000     4.000000000    16.952268290
    8.000000000     4.000000000    15.452517201
    9.000000000     4.000000000    14.196719200
   10.000000000     4.000000000    13.139607411
   11.000000000     4.000000000    12.246159251
   12.000000000     4.000000000    11.489294092
   13.000000000     4.000000000    10.848032172
   14.000000000     4.000000000    10.306084955
   15.000000000     4.000000000     9.850797830
   16.000000000     4.000000000     9.472365469
   17.000000000     4.000000000     9.163253911
   18.000000000     4.000000000     8.917779052
   19.000000000     4.000000000     8.731804836
   20.000000000     4.000000000     8.602535243
   21.000000000     4.000000000     8.528382706
   22.000000000     4.000000000     8.508902288
   23.000000000     4.000000000     8.544786616
   24.000000000     4.000000000     8.637921690
   25.000000000     4.000000000     8.791508862
   26.000000000     4.000000000     9.010263995
   27.000000000     4.000000000     9.300711683
   28.000000000     4.000000000     9.671600928
   29.000000000     4.000000000    10.134479098
   30.000000000     4.000000000    10.704472946
   31.000000000     4.000000000    11.401335915
   32.000000000     4.000000000    12.250820644
   33.000000000     4.000000000    13.286398692
   34.000000000     4.000000000    14.551210943
   35.000000000     4.000000000    16.099736864
   36.000000000     4.000000000    17.997679923
   37.000000000     4.000000000    20.316343772
   38.000000000     4.000000000    23.113559758
   39.000000000     4.000000000    26.388086272
   40.000000000     4.000000000    30.000000000

    0.000000000     5.000000000    40.000000000
    1.000000000     5.000000000    35.920135477
    2.000000000     5.000000000    32.090303662
    3.000000000     5.000000000    28.658205940
    4.000000000     5.000000000    25.670254865
    5.000000000     5.000000000    23.109888638
    6.000000000     5.000000000    20.931773123
    7.000000000     5.000000000    19.082676293
    8.000000000     5.000000000    17.511745808
    9.000000000     5.000000000    16.174531722
   10.000000000     5.000000000    15.033871234
   11.000000000     5.000000000    14.059413514
   12.000000000     5.000000000    13.226679030
   13.000000000     5.000000000    12.516059355
   14.000000000     5.000000000    11.911918777
   15.000000000     5.000000000    11.401845713
   16.000000000     5.000000000    10.976053900
   17.000000000     5.000000000    10.626916057
   18.000000000     5.000000000    10.348609063
   19.000000000     5.000000000    10.136851489
   20.000000000     5.000000000     9.988718086
   21.000000000     5.000000000     9.902519896
   22.000000000     5.000000000     9.877742622
   23.000000000     5.000000000     9.915039542
   24.000000000     5.000000000    10.016278761
   25.000000000     5.000000000    10.184648021
   26.000000000     5.000000000    10.424823776
   27.000000000     5.000000000    10.743214705
   28.000000000     5.000000000    11.148292952
   29.000000000     5.000000000    11.651027968
   30.000000000     5.000000000    12.265435287
   31.000000000     5.000000000    13.009239721
   32.000000000     5.000000000    13.904616581
   33.000000000     5.000000000    14.978889580
   34.000000000     5.000000000    16.264880691
   35.000000000     5.000000000    17.800240921
   36.000000000     5.000000000    19.624428290
   37.000000000     5.000000000    21.770995213
   38.000000000     5.000000000    24.251928636
   39.000000000     5.000000000    27.031994820
   40.000000000     5.000000000    30.000000000

    0.000000000     6.000000000    40.000000000
    1.000000000     6.000000000    36.511221011
    2.000000000     6.000000000    33.175466782
    3.000000000     6.000000000    30.101014707
    4.000000000     6.000000000    27.341209317
    5.000000000     6.000000000    24.906334871
    6.000000000     6.000000000    22.780438046
    7.000000000     6.000000000    20.934921000
    8.000000000     6.000000000    19.337261444
    9.000000000     6.000000000    17.955794434
   10.000000000     6.000000000    16.761936417
   11.000000000     6.000000000    15.730948976
   12.000000000     6.000000000    14.841953880
   13.000000000     6.000000000    14.077612415
   14.000000000     6.000000000    13.423690282
   15.000000000     6.000000000    12.868617738
   16.000000000     6.000000000    12.403093909
   17.000000000     6.000000000    12.019753027
   18.000000000     6.000000000    11.712895414
   19.000000000     6.000000000    11.478279788
   20.000000000     6.000000000    11.312971551
   21.000000000     6.000000000    11.215241987
   22.000000000     6.000000000    11.184514524
   23.000000000     6.000000000    11.221355843
   24.000000000     6.000000000    11.327511340
   25.000000000     6.000000000    11.505986076
   26.000000000     6.000000000    11.761173580
   27.000000000     6.000000000    12.099035385
   28.000000000     6.000000000    12.527332928
   29.000000000     6.000000000    13.055908972
   30.000000000     6.000000000    13.697004638
   31.000000000     6.000000000    14.465574891
   32.000000000     6.000000000    15.379519809
   33.000000000     6.000000000    16.459665405
   34.000000000     6.000000000    17.729183970
   35.000000000     6.000000000    19.211920070
   36.000000000     6.000000000    20.928798905
   37.000000000     6.000000000    22.891281515
   38.000000000     6.000000000    25.091165665
   39.000000000     6.000000000    27.487964832
   40.000000000     6.000000000    30.000000000

    0.000000000     7.000000000    40.000000000
    1.000000000     7.000000000    36.949282306
    2.000000000     7.000000000    33.999328790
    3.000000000     7.000000000    31.229178341
    4.000000000     7.000000000    28.687234879
    5.000000000     7.000000000    26.393806028
    6.000000000     7.000000000    24.348726208
    7.000000000     7.000000000    22.539311691
    8.000000000     7.000000000    20.946588442
    9.000000000     7.000000000    19.549452471
   10.000000000     7.000000000    18.327135723
   11.000000000     7.000000000    17.260497150
   12.000000000     7.000000000    16.332580477
   13.000000000     7.000000000    15.528751811
   14.000000000     7.000000000    14.836618123
   15.000000000     7.000000000    14.245847189
   16.000000000     7.000000000    13.747957294
   17.000000000     7.000000000    13.336113192
   18.000000000     7.000000000    13.004946346
   19.000000000     7.000000000    12.750407327
   20.000000000     7.000000000    12.569652991
   21.000000000     7.000000000    12.460968604
   22.000000000     7.000000000    12.423724211
   23.000000000     7.000000000    12.458364429
   24.000000000     7.000000000    12.566431005
   25.000000000     7.000000000    12.750617504
   26.000000000     7.000000000    13.014855007
   27.000000000     7.000000000    13.364425994
   28.000000000     7.000000000    13.806099781
   29.000000000     7.000000000    14.348275408
   30.000000000     7.000000000    15.001104105
   31.000000000     7.000000000    15.776539711
   32.000000000     7.000000000    16.688226268
   33.000000000     7.000000000    17.751071733
   34.000000000     7.000000000    18.980272733
   35.000000000     7.000000000    20.389459030
   36.000000000     7.000000000    21.987567800
   37.000000000     7.000000000    23.774167829
   38.000000000     7.000000000    25.733488717
   39.000000000     7.000000000    27.828699363
   40.000000000     7.000000000    30.000000000

    0.000000000     8.000000000    40.000000000
    1.000000000     8.000000000    37.286580006
    2.000000000     8.000000000    34.643388894
    3.000000000     8.000000000    32.129136723
    4.000000000     8.000000000    29.784748128
    5.000000000     8.000000000    27.632931001
    6.000000000     8.000000000    25.681352442
    7.000000000     8.000000000    23.927015002
    8.000000000     8.000000000    22.360332533
    9.000000000     8.000000000    20.968296115
   10.000000000     8.000000000    19.736662115
   11.000000000     8.000000000    18.651329078
   12.000000000     8.000000000    17.699125084
   13.000000000     8.000000000    16.868202570
   14.000000000     8.000000000    16.148189838
   15.000000000     8.000000000    15.530202472
   16.000000000     8.000000000    15.006781960
   17.000000000     8.000000000    14.571803334
   18.000000000     8.000000000    14.220376795
   19.000000000     8.000000000    13.948757597
   20.000000000     8.000000000    13.754271920
   21.000000000     8.000000000    13.635262641
   22.000000000     8.000000000    13.591056630
   23.000000000     8.000000000    13.621953890
   24.000000000     8.000000000    13.729237820
   25.000000000     8.000000000    13.915204797
   26.000000000     8.000000000    14.183209578
   27.000000000     8.000000000    14.537720145
   28.000000000     8.000000000    14.984370812
   29.000000000     8.000000000    15.529994429
   30.000000000     8.000000000    16.182601922
   31.000000000     8.000000000    16.951258412
   32.000000000     8.000000000    17.845778190
   33.000000000     8.000000000    18.876126412
   34.000000000     8.000000000    20.051379574
   35.000000000     8.000000000    21.378078364
   36.000000000     8.000000000    22.857847733
   37.000000000     8.000000000    24.484335021
   38.000000000     8.000000000    26.239923175
   39.000000000     8.000000000    28.093344488
   40.000000000     8.000000000    30.000000000

    0.000000000     9.000000000    40.000000000
    1.000000000     9.000000000    37.553649467
    2.000000000     9.000000000    35.158511339
    3.000000000     9.000000000    32.859233443
    4.000000000     9.000000000    30.689692441
    5.000000000     9.000000000    28.671820543
    6.000000000     9.000000000    26.816741278
    7.000000000     9.000000000    25.127067623
    8.000000000     9.000000000    23.599435390
    9.000000000     9.000000000    22.226742664
   10.000000000     9.000000000    20.999893339
   11.000000000     9.000000000    19.909038198
   12.000000000     9.000000000    18.944394840
   13.000000000     9.000000000    18.096750536
   14.000000000     9.000000000    17.357743489
   15.000000000     9.000000000    16.719998473
   16.000000000     9.000000000    16.177172535
   17.000000000     9.000000000    15.723949357
   18.000000000     9.000000000    15.356008000
   19.000000000     9.000000000    15.069982516
   20.000000000     9.000000000    14.863422648
   21.000000000     9.000000000    14.734761581
   22.000000000     9.000000000    14.683293875
   23.000000000     9.000000000    14.709164652
   24.000000000     9.000000000    14.813369382
   25.000000000     9.000000000    14.997761860
   26.000000000     9.000000000    15.265065666
   27.000000000     9.000000000    15.618881183
   28.000000000     9.000000000    16.063675525
   29.000000000     9.000000000    16.604735806
   30.000000000     9.000000000    17.248056536
   31.000000000     9.000000000    18.000119148
   32.000000000     9.000000000    18.867506485
   33.000000000     9.000000000    19.856280434
   34.000000000     9.000000000    20.971044508
   35.000000000     9.000000000    22.213630254
   36.000000000     9.000000000    23.581412279
   37.000000000     9.000000000    25.065403261
   38.000000000     9.000000000    26.648525757
   39.000000000     9.000000000    28.304756055
   40.000000000     9.000000000    30.000000000

    0.000000000    10.000000000    40.000000000
    1.000000000    10.000000000    37.769507224
    2.000000000    10.000000000    35.577774946
    3.000000000    10.000000000    33.459595355
    4.000000000    10.000000000    31.442970406
    5.000000000    10.000000000    29.547920866
    6.000000000    10.000000000    27.786728557
    7.000000000    10.000000000    26.165083486
    8.000000000    10.000000000    24.683603986
    9.000000000    10.000000000    23.339351607
   10.000000000    10.000000000    22.127136689
   11.000000000    10.000000000    21.040542319
   12.000000000    10.000000000    20.072672763
   13.000000000    10.000000000    19.216668856
   14.000000000    10.000000000    18.466043059
   15.000000000    10.000000000    17.814883641
   16.000000000    10.000000000    17.257968837
   17.000000000    10.000000000    16.790822238
   18.000000000    10.000000000    16.409732145
   19.000000000    10.000000000    16.111750716
   20.000000000    10.000000000    15.894683499
   21.000000000    10.000000000    15.757076056
   22.000000000    10.000000000    15.698201452
   23.000000000    10.000000000    15.718050138
   24.000000000    10.000000000    15.817321683
   25.000000000    10.000000000    15.997415842
   26.000000000    10.000000000    16.260417994
   27.000000000    10.000000000    16.609071004
   28.000000000    10.000000000    17.046721518
   29.000000000    10.000000000    17.577223522
   30.000000000    10.000000000    18.204775578
   31.000000000    10.000000000    18.933660956
   32.000000000    10.000000000    19.767853414
   33.000000000    10.000000000    20.710448993
   34.000000000    10.000000000    21.762891823
   35.000000000    10.000000000    22.923989281
   36.000000000    10.000000000    24.188770625
   37.000000000    10.000000000    25.547342070
   38.000000000    10.000000000    26.984021934
   39.000000000    10.000000000    28.477154674
   40.000000000    10.000000000    30.000000000

    0.000000000    11.000000000    40.000000000
    1.000000000    11.000000000    37.946605238
    2.000000000    11.000000000    35.923487371
    3.000000000    11.000000000    33.958404870
    4.000000000    11.000000000    32.074675935
    5.000000000    11.000000000    30.290167640
    6.000000000    11.000000000    28.617172962
    7.000000000    11.000000000    27.062938803
    8.000000000    11.000000000    25.630551113
    9.000000000    11.000000000    24.319929335
   10.000000000    11.000000000    23.128766293
   11.000000000    11.000000000    22.053328940
   12.000000000    11.000000000    21.089092818
   13.000000000    11.000000000    20.231217267
   14.000000000    11.000000000    19.474884818
   15.000000000    11.000000000    18.815533081
   16.000000000    11.000000000    18.249006082
   17.000000000    11.000000000    17.771647965
   18.000000000    11.000000000    17.380357125
   19.000000000    11.000000000    17.072614290
   20.000000000    11.000000000    16.846494196
   21.000000000    11.000000000    16.700667278
   22.000000000    11.000000000    16.634395240
   23.000000000    11.000000000    16.647522116
   24.000000000    11.000000000    16.740460518
   25.000000000    11.000000000    16.914170714
   26.000000000    11.000000000    17.170128032
   27.000000000    11.000000000    17.510271523
   28.000000000    11.000000000    17.936923802
   29.000000000    11.000000000    18.452668497
   30.000000000    11.000000000    19.060168101
   31.000000000    11.000000000    19.761901929
   32.000000000    11.000000000    20.559802875
   33.000000000    11.000000000    21.454775327
   34.000000000    11.000000000    22.446088876
   35.000000000    11.000000000    23.530668104
   36.000000000    11.000000000    24.702341840
   37.000000000    11.000000000    25.951174706
   38.000000000    11.000000000    27.263066740
   39.000000000    11.000000000    28.619841463
   40.000000000    11.000000000    30.000000000

    0.000000000    12.000000000    40.000000000
    1.000000000    12.000000000    38.093427164
    2.000000000    12.000000000    36.211166036
    3.000000000    12.000000000    34.375863216
    4.000000000    12.000000000    32.607163998
    5.000000000    12.000000000    30.920904730
    6.000000000    12.000000000    29.328861514
    7.000000000    12.000000000    27.838953017
    8.000000000    12.000000000    26.455738367
    9.000000000    12.000000000    25.181055001
   10.000000000    12.000000000    24.014677470
   11.000000000    12.000000000    22.954922143
   12.000000000    12.000000000    21.999160614
   13.000000000    12.000000000    21.144231333
   14.000000000    12.000000000    20.386755021
   15.000000000    12.000000000    19.723367275
   16.000000000    12.000000000    19.150884214
   17.000000000    12.000000000    18.666416405
   18.000000000    12.000000000    18.267444247
   19.000000000    12.000000000    17.951865367
   20.000000000    12.000000000    17.718021988
   21.000000000    12.000000000    17.564713864
   22.000000000    12.000000000    17.491200260
   23.000000000    12.000000000    17.497192557
   24.000000000    12.000000000    17.582837330
   25.000000000    12.000000000    17.748687957
   26.000000000    12.000000000    17.995661051
   27.000000000    12.000000000    18.324972014
   28.000000000    12.000000000    18.738041982
   29.000000000    12.000000000    19.236366375
   30.000000000    12.000000000    19.821333663
   31.000000000    12.000000000    20.493982456
   32.000000000    12.000000000    21.254686868
   33.000000000    12.000000000    22.102765932
   34.000000000    12.000000000    23.036024913
   35.000000000    12.000000000    24.050256351
   36.000000000    12.000000000    25.138757101
   37.000000000    12.000000000    26.291950571
   38.000000000    12.000000000    27.497230462
   39.000000000    12.000000000    28.739145245
   40.000000000    12.000000000    30.000000000

    0.000000000    13.000000000    40.000000000
    1.000000000    13.000000000    38.215938237
    2.000000000    13.000000000    36.451888098
    3.000000000    13.000000000    34.726720501
    4.000000000    13.000000000    33.057215477
    5.000000000    13.000000000    31.457429934
    6.000000000    13.000000000    29.938420289
    7.000000000    13.000000000    28.508279075
    8.000000000    13.000000000    27.172400738
    9.000000000    13.000000000    25.933881905
   10.000000000    13.000000000    24.793974143
   11.000000000    13.000000000    23.752529827
   12.000000000    13.000000000    22.808404974
   13.000000000    13.000000000    21.959801715
   14.000000000    13.000000000    21.204546358
   15.000000000    13.000000000    20.540306846
   16.000000000    13.000000000    19.964757452
   17.000000000    13.000000000    19.475699782
   18.000000000    13.000000000    19.071148847
   19.000000000    13.000000000    18.749391798
   20.000000000    13.000000000    18.509025414
   21.000000000    13.000000000    18.348976787
   22.000000000    13.000000000    18.268510133
   23.000000000    13.000000000    18.267221112
   24.000000000    13.000000000    18.345018644
   25.000000000    13.000000000    18.502092794
   26.000000000    13.000000000    18.738865904
   27.000000000    13.000000000    19.055922785
   28.000000000    13.000000000    19.453914547
   29.000000000    13.000000000    19.933429640
   30.000000000    13.000000000    20.494825419
   31.000000000    13.000000000    21.138014439
   32.000000000    13.000000000    21.862202608
   33.000000000    13.000000000    22.665582311
   34.000000000    13.000000000    23.544993437
   35.000000000    13.000000000    24.495579453
   36.000000000    13.000000000    25.510483008
   37.000000000    13.000000000    26.580642557
   38.000000000    13.000000000    27.694760998
   39.000000000    13.000000000    28.839509909
   40.000000000    13.000000000    30.000000000

    0.000000000    14.000000000    40.000000000
    1.000000000    14.000000000    38.318438586
    2.000000000    14.000000000    36.653729410
    3.000000000    14.000000000    35.021917891
    4.000000000    14.000000000    33.437551018
    5.000000000    14.000000000    31.913183626
    6.000000000    14.000000000    30.459115839
    7.000000000    14.000000000    29.083348246
    8.000000000    14.000000000    27.791710341
    9.000000000    14.000000000    26.588105185
   10.000000000    14.000000000    25.474815474
   11.000000000    14.000000000    24.452826768
   12.000000000    14.000000000    23.522137011
   13.000000000    14.000000000    22.682033971
   14.000000000    14.000000000    21.931332065
   15.000000000    14.000000000    21.268566889
   16.000000000    14.000000000    20.692149868
   17.000000000    14.000000000    20.200487572
   18.000000000    14.000000000    19.792070882
   19.000000000    14.000000000    19.465538993
   20.000000000    14.000000000    19.219722546
   21.000000000    14.000000000    19.053669166
   22.000000000    14.000000000    18.966653697
   23.000000000    14.000000000    18.958174260
   24.000000000    14.000000000    19.027934242
   25.000000000    14.000000000    19.175809263
   26.000000000    14.000000000    19.401797198
   27.000000000    14.000000000    19.705948450
   28.000000000    14.000000000    20.088273055
   29.000000000    14.000000000    20.548620934
   30.000000000    14.000000000    21.086532042
   31.000000000    14.000000000    21.701054716
   32.000000000    14.000000000    22.390533552
   33.000000000    14.000000000    23.152373255
   34.000000000    14.000000000    23.982792277
   35.000000000    14.000000000    24.876589401
   36.000000000    14.000000000    25.826956464
   37.000000000    14.000000000    26.825378326
   38.000000000    14.000000000    27.861662856
   39.000000000    14.000000000    28.924134291
   40.000000000    14.000000000    30.000000000

    0.000000000    15.000000000    40.000000000
    1.000000000    15.000000000    38.404087636
    2.000000000    15.000000000    36.822674941
    3.000000000    15.000000000    35.269673436
    4.000000000    15.000000000    33.757890782
    5.000000000    15.000000000    32.298642303
    6.000000000    15.000000000    30.901516638
    7.000000000    15.000000000    29.574293996
    8.000000000    15.000000000    28.322994246
    9.000000000    15.000000000    27.152020808
   10.000000000    15.000000000    26.064364280
   11.000000000    15.000000000    25.061833877
   12.000000000    15.000000000    24.145292036
   13.000000000    15.000000000    23.314875318
   14.000000000    15.000000000    22.570191729
   15.000000000    15.000000000    21.910489856
   16.000000000    15.000000000    21.334798965
   17.000000000    15.000000000    20.842041419
   18.000000000    15.000000000    20.431119960
   19.000000000    15.000000000    20.100982705
   20.000000000    15.000000000    19.850668602
   21.000000000    15.000000000    19.679335589
   22.000000000    15.000000000    19.586273074
   23.000000000    15.000000000    19.570899651
   24.000000000    15.000000000    19.632746206
   25.000000000    15.000000000    19.771423900
   26.000000000    15.000000000    19.986575862
   27.000000000    15.000000000    20.277810986
   28.000000000    15.000000000    20.644617993
   29.000000000    15.000000000    21.086258118
   30.000000000    15.000000000    21.601635578
   31.000000000    15.000000000    22.189146622
   32.000000000    15.000000000    22.846510680
   33.000000000    15.000000000    23.570591147
   34.000000000    15.000000000    24.357218458
   35.000000000    15.000000000    25.201034001
   36.000000000    15.000000000    26.095378827
   37.000000000    15.000000000    27.032254226
   38.000000000    15.000000000    28.002379687
   39.000000000    15.000000000    28.995365341
   40.000000000    15.000000000    30.000000000

    0.000000000    16.000000000    40.000000000
    1.000000000    16.000000000    38.475237997
    2.000000000    16.000000000    36.963211232
    3.000000000    16.000000000    35.476213043
    4.000000000    16.000000000    34.025700226
    5.000000000    16.000000000    32.621982942
    6.000000000    16.000000000    31.274020077
    7.000000000    16.000000000    29.989323373
    8.000000000    16.000000000    28.773959172
    9.000000000    16.000000000    27.632627625
   10.000000000    16.000000000    26.568795781
   11.000000000    16.000000000    25.584861914
   12.000000000    16.000000000    24.682332030
   13.000000000    16.000000000    23.861994174
   14.000000000    16.000000000    23.124080793
   15.000000000    16.000000000    22.468413370
   16.000000000    16.000000000    21.894526581
   17.000000000    16.000000000    21.401771311
   18.000000000    16.000000000    20.989397156
   19.000000000    16.000000000    20.656615701
   20.000000000    16.000000000    20.402646046
   21.000000000    16.000000000    20.226743952
   22.000000000    16.000000000    20.128215683
   23.000000000    16.000000000    20.106417195
   24.000000000    16.000000000    20.160738897
   25.000000000    16.000000000    20.290575794
   26.000000000    16.000000000    20.495282479
   27.000000000    16.000000000    20.774112277
   28.000000000    16.000000000    21.126139907
   29.000000000    16.000000000    21.550167454
   30.000000000    16.000000000    22.044614354
   31.000000000    16.000000000    22.607393614
   32.000000000    16.000000000    23.235778731
   33.000000000    16.000000000    23.926268715
   34.000000000    16.000000000    24.674462071
   35.000000000    16.000000000    25.474954091
   36.000000000    16.000000000    26.321274472
   37.000000000    16.000000000    27.205882976
   38.000000000    16.000000000    28.120238279
   39.000000000    16.000000000    29.054948362
   40.000000000    16.000000000    30.000000000

    0.000000000    17.000000000    40.000000000
    1.000000000    17.000000000    38.533654133
    2.000000000    17.000000000    37.078720968
    3.000000000    17.000000000    35.646270292
    4.000000000    17.000000000    34.246718128
    5.000000000    17.000000000    32.889574101
    6.000000000    17.000000000    31.583263217
    7.000000000    17.000000000    30.335026993
    8.000000000    17.000000000    29.150899033
    9.000000000    17.000000000    28.035743124
   10.000000000    17.000000000    26.993338435
   11.000000000    17.000000000    26.026495784
   12.000000000    17.000000000    25.137190440
   13.000000000    17.000000000    24.326699563
   14.000000000    17.000000000    23.595735402
   15.000000000    17.000000000    22.944568177
   16.000000000    17.000000000    22.373134957
   17.000000000    17.000000000    21.881132641
   18.000000000    17.000000000    21.468094403
   19.000000000    17.000000000    21.133449769
   20.000000000    17.000000000    20.876568839
   21.000000000    17.000000000    20.696791361
   22.000000000    17.000000000    20.593441263
   23.000000000    17.000000000    20.565827103
   24.000000000    17.000000000    20.613228672
   25.000000000    17.000000000    20.734869828
   26.000000000    17.000000000    20.929877487
   27.000000000    17.000000000    21.197226744
   28.000000000    17.000000000    21.535672348
   29.000000000    17.000000000    21.943667254
   30.000000000    17.000000000    22.419269900
   31.000000000    17.000000000    22.960043135
   32.000000000    17.000000000    23.562949504
   33.000000000    17.000000000    24.224249655
   34.000000000    17.000000000    24.939412881
   35.000000000    17.000000000    25.703050763
   36.000000000    17.000000000    26.508885983
   37.000000000    17.000000000    27.349767942
   38.000000000    17.000000000    28.217744108
   39.000000000    17.000000000    29.104190843
   40.000000000    17.000000000    30.000000000

    0.000000000    18.000000000    40.000000000
    1.000000000    18.000000000    38.580658611
    2.000000000    18.000000000    37.171750295
    3.000000000    18.000000000    35.783432132
    4.000000000    18.000000000    34.425331999
    5.000000000    18.000000000    33.106337207
    6.000000000    18.000000000    31.834437731
    7.000000000    18.000000000    30.616629297
    8.000000000    18.000000000    29.458874659
    9.000000000    18.000000000    28.366116037
   10.000000000    18.000000000    27.342328451
   11.000000000    18.000000000    26.390602459
   12.000000000    18.000000000    25.513245141
   13.000000000    18.000000000    24.711889573
   14.000000000    18.000000000    23.987604920
   15.000000000    18.000000000    23.341001262
   16.000000000    18.000000000    22.772325076
   17.000000000    18.000000000    22.281542819
   18.000000000    18.000000000    21.868411180
   19.000000000    18.000000000    21.532533388
   20.000000000    18.000000000    21.273401475
   21.000000000    18.000000000    21.090424643
   22.000000000    18.000000000    20.982944038
   23.000000000    18.000000000    20.950234209
   24.000000000    18.000000000    20.991491503
   25.000000000    18.000000000    21.105809644
   26.000000000    18.000000000    21.292142744
   27.000000000    18.000000000    21.549256202
   28.000000000    18.000000000    21.875666242
   29.000000000    18.000000000    22.269569425
   30.000000000    18.000000000    22.728764257
   31.000000000    18.000000000    23.250568156
   32.000000000    18.000000000    23.831734311
   33.000000000    18.000000000    24.468374468
   34.000000000    18.000000000    25.155895072
   35.000000000    18.000000000    25.888955183
   36.000000000    18.000000000    26.661454865
   37.000000000    18.000000000    27.466561806
   38.000000000    18.000000000    28.296781448
   39.000000000    18.000000000    29.144071945
   40.000000000    18.000000000    30.000000000

    0.000000000    19.000000000    40.000000000
    1.000000000    19.000000000    38.617231087
    2.000000000    19.000000000    37.244191599
    3.000000000    19.000000000    35.890379125
    4.000000000    19.000000000    34.564844742
    5.000000000    19.000000000    33.276010214
    6.000000000    19.000000000    32.031527389
    7.000000000    19.000000000    30.838184925
    8.000000000    19.000000000    29.701862280
    9.000000000    19.000000000    28.627526764
   10.000000000    19.000000000    27.619266510
   11.000000000    19.000000000    26.680350823
   12.000000000    19.000000000    25.813309117
   13.000000000    19.000000000    25.020020287
   14.000000000    19.000000000    24.301805587
   15.000000000    19.000000000    23.659519466
   16.000000000    19.000000000    23.093634228
   17.000000000    19.000000000    22.604315633
   18.000000000    19.000000000    22.191487569
   19.000000000    19.000000000    21.854884716
   20.000000000    19.000000000    21.594092659
   21.000000000    19.000000000    21.408575284
   22.000000000    19.000000000    21.297689499
   23.000000000    19.000000000    21.260687443
   24.000000000    19.000000000    21.296706451
   25.000000000    19.000000000    21.404747092
   26.000000000    19.000000000    21.583639785
   27.000000000    19.000000000    21.832000696
   28.000000000    19.000000000    22.148178021
   29.000000000    19.000000000    22.530190309
   30.000000000    19.000000000    22.975659184
   31.000000000    19.000000000    23.481739774
   32.000000000    19.000000000    24.045053125
   33.000000000    19.000000000    24.661625955
   34.000000000    19.000000000    25.326843944
   35.000000000    19.000000000    26.035425246
   36.000000000    19.000000000    26.781420701
   37.000000000    19.000000000    27.558246149
   38.000000000    19.000000000    28.358750063
   39.000000000    19.000000000    29.175316560
   40.000000000    19.000000000    30.000000000

    0.000000000    20.000000000    40.000000000
    1.000000000    20.000000000    38.644075228
    2.000000000    20.000000000    37.297408066
    3.000000000    20.000000000    35.969051272
    4.000000000    20.000000000    34.667661929
    5.000000000    20.000000000    33.401336838
    6.000000000    20.000000000    32.177483003
    7.000000000    20.000000000    31.002728000
    8.000000000    20.000000000    29.882870948
    9.000000000    20.000000000    28.822871264
   10.000000000    20.000000000    27.826869836
   11.000000000    20.000000000    26.898235783
   12.000000000    20.000000000    26.039631469
   13.000000000    20.000000000    25.253088730
   14.000000000    20.000000000    24.540090068
   15.000000000    20.000000000    23.901649637
   16.000000000    20.000000000    23.338389965
   17.000000000    20.000000000    22.850611439
   18.000000000    20.000000000    22.438352485
   19.000000000    20.000000000    22.101439113
   20.000000000    20.000000000    21.839523069
   21.000000000    20.000000000    21.652108203
   22.000000000    20.000000000    21.538564967
   23.000000000    20.000000000    21.498133139
   24.000000000    20.000000000    21.529912992
   25.000000000    20.000000000    21.632845338
   26.000000000    20.000000000    21.805681002
   27.000000000    20.000000000    22.046940635
   28.000000000    20.000000000    22.354866091
   29.000000000    20.000000000    22.727365181
   30.000000000    20.000000000    23.161952231
   31.000000000    20.000000000    23.655687663
   32.000000000    20.000000000    24.205120636
   33.000000000    20.000000000    24.806239549
   34.000000000    20.000000000    25.454435818
   35.000000000    20.000000000    26.144486478
   36.000000000    20.000000000    26.870560840
   37.000000000    20.000000000    27.626255274
   38.000000000    20.000000000    28.404658273
   39.000000000    20.000000000    29.198445322
   40.000000000    20.000000000    30.000000000

    0.000000000    21.000000000    40.000000000
    1.000000000    21.000000000    38.661662867
    2.000000000    21.000000000    37.332316377
    3.000000000    21.000000000    36.020759269
    4.000000000    21.000000000    34.735419231
    5.000000000    21.000000000    33.484197617
    6.000000000    21.000000000    32.274346202
    7.000000000    21.000000000    31.112380509
    8.000000000    21.000000000    30.004030557
    9.000000000    21.000000000    28.954226688
   10.000000000    21.000000000    27.967115782
   11.000000000    21.000000000    27.046101752
   12.000000000    21.000000000    26.193903682
   13.000000000    21.000000000    25.412625148
   14.000000000    21.000000000    24.703828914
   15.000000000    21.000000000    24.068612109
   16.000000000    21.000000000    23.507677999
   17.000000000    21.000000000    23.021401419
   18.000000000    21.000000000    22.609885779
   19.000000000    21.000000000    22.273010275
   20.000000000    21.000000000    22.010466437
   21.000000000    21.000000000    21.821783581
   22.000000000    21.000000000    21.706342990
   23.000000000    21.000000000    21.663380897
   24.000000000    21.000000000    21.691980486
   25.000000000    21.000000000    21.791053324
   26.000000000    21.000000000    21.959310846
   27.000000000    21.000000000    22.195226804
   28.000000000    21.000000000    22.496991962
   29.000000000    21.000000000    22.862462841
   30.000000000    21.000000000    23.289106891
   31.000000000    21.000000000    23.773947193
   32.000000000    21.000000000    24.313510513
   33.000000000    21.000000000    24.903783174
   34.000000000    21.000000000    25.540179719
   35.000000000    21.000000000    26.217529418
   36.000000000    21.000000000    26.930085277
   37.000000000    21.000000000    27.671559133
   38.000000000    21.000000000    28.435184642
   39.000000000    21.000000000    29.213807566
   40.000000000    21.000000000    30.000000000

    0.000000000    22.000000000    40.000000000
    1.000000000    22.000000000    38.670260985
    2.000000000    22.000000000    37.349437543
    3.000000000    22.000000000    36.046253536
    4.000000000    22.000000000    34.769062530
    5.000000000    22.000000000    33.525693670
    6.000000000    22.000000000    32.323330173
    7.000000000    22.000000000    31.168424754
    8.000000000    22.000000000    30.066652493
    9.000000000    22.000000000    29.022898440
   10.000000000    22.000000000    28.041274967
   11.000000000    22.000000000    27.125162640
   12.000000000    22.000000000    26.277267935
   13.000000000    22.000000000    25.499691466
   14.000000000    22.000000000    24.794001077
   15.000000000    22.000000000    24.161305102
   16.000000000    22.000000000    23.602322112
   17.000000000    22.000000000    23.117444370
   18.000000000    22.000000000    22.706793067
   19.000000000    22.000000000    22.370264032
   20.000000000    22.000000000    22.107563132
   21.000000000    22.000000000    21.918230958
   22.000000000    22.000000000    21.801656645
   23.000000000    22.000000000    21.757080885
   24.000000000    22.000000000    21.783588337
   25.000000000    22.000000000    21.880089843
   26.000000000    22.000000000    22.045295002
   27.000000000    22.000000000    22.277675970
   28.000000000    22.000000000    22.575423687
   29.000000000    22.000000000    22.936398210
   30.000000000    22.000000000    23.358075414
   31.000000000    22.000000000    23.837492998
   32.000000000    22.000000000    24.371199460
   33.000000000    22.000000000    24.955210390
   34.000000000    22.000000000    25.584976960
   35.000000000    22.000000000    26.255371672
   36.000000000    22.000000000    26.960696138
   37.000000000    22.000000000    27.694714680
   38.000000000    22.000000000    28.450715834
   39.000000000    22.000000000    29.221601423
   40.000000000    22.000000000    30.000000000

    0.000000000    23.000000000    40.000000000
    1.000000000    23.000000000    38.669944663
    2.000000000    23.000000000    37.348921531
    3.000000000    23.000000000    36.045758168
    4.000000000    23.000000000    34.768888140
    5.000000000    23.000000000    33.526189882
    6.000000000    23.000000000    32.324862615
    7.000000000    23.000000000    31.171343375
    8.000000000    23.000000000    30.071264700
    9.000000000    23.000000000    29.029448977
   10.000000000    23.000000000    28.049933207
   11.000000000    23.000000000    27.136016874
   12.000000000    23.000000000    26.290325619
   13.000000000    23.000000000    25.514884002
   14.000000000    23.000000000    24.811191676
   15.000000000    23.000000000    24.180298437
   16.000000000    23.000000000    23.622874693
   17.000000000    23.000000000    23.139274906
   18.000000000    23.000000000    22.729592334
   19.000000000    23.000000000    22.393704033
   20.000000000    23.000000000    22.131305523
   21.000000000    23.000000000    21.941934851
   22.000000000    23.000000000    21.824985995
   23.000000000    23.000000000    21.779711684
   24.000000000    23.000000000    21.805215851
   25.000000000    23.000000000    21.900436034
   26.000000000    23.000000000    22.064116200
   27.000000000    23.000000000    22.294770685
   28.000000000    23.000000000    22.590640274
   29.000000000    23.000000000    22.949641865
   30.000000000    23.000000000    23.369313756
   31.000000000    23.000000000    23.846759292
   32.000000000    23.000000000    24.378592415
   33.000000000    23.000000000    24.960889502
   34.000000000    23.000000000    25.589152607
   35.000000000    23.000000000    26.258289693
   36.000000000    23.000000000    26.962617380
   37.000000000    23.000000000    27.695890981
   38.000000000    23.000000000    28.451364847
   39.000000000    23.000000000    29.221883422
   40.000000000    23.000000000    30.000000000

    0.000000000    24.000000000    40.000000000
    1.000000000    24.000000000    38.660597272
    2.000000000    24.000000000    37.330548017
    3.000000000    24.000000000    36.018972845
    4.000000000    24.000000000    34.734546454
    5.000000000    24.000000000    33.485320645
    6.000000000    24.000000000    32.278593605
    7.000000000    24.000000000    31.120829000
    8.000000000    24.000000000    30.017622466
    9.000000000    24.000000000    28.973708970
   10.000000000    24.000000000    27.993002250
   11.000000000    24.000000000    27.078657043
   12.000000000    24.000000000    26.233145383
   13.000000000    24.000000000    25.458339595
   14.000000000    24.000000000    24.755596094
   15.000000000    24.000000000    24.125835658
   16.000000000    24.000000000    23.569617091
   17.000000000    24.000000000    23.087202309
   18.000000000    24.000000000    22.678611635
   19.000000000    24.000000000    22.343668682
   20.000000000    24.000000000    22.082034558
   21.000000000    24.000000000    21.893231367
   22.000000000    24.000000000    21.776655105
   23.000000000    24.000000000    21.731578088
   24.000000000    24.000000000    21.757141124
   25.000000000    24.000000000    21.852335624
   26.000000000    24.000000000    22.015975984
   27.000000000    24.000000000    22.246662646
   28.000000000    24.000000000    22.542736577
   29.000000000    24.000000000    22.902226234
   30.000000000    24.000000000    23.322788695
   31.000000000    24.000000000    23.801647405
   32.000000000    24.000000000    24.335529919
   33.000000000    24.000000000    24.920610162
   34.000000000    24.000000000    25.552460849
   35.000000000    24.000000000    26.226022654
   36.000000000    24.000000000    26.935597185
   37.000000000    24.000000000    27.674870399
   38.000000000    24.000000000    28.436971417
   39.000000000    24.000000000    29.214568556
   40.000000000    24.000000000    30.000000000

    0.000000000    25.000000000    40.000000000
    1.000000000    25.000000000    38.641897545
    2.000000000    25.000000000    37.293702688
    3.000000000    25.000000000    35.965042122
    4.000000000    25.000000000    34.665008666
    5.000000000    25.000000000    33.401958182
    6.000000000    25.000000000    32.183368737
    7.000000000    25.000000000    31.015764123
    8.000000000    25.000000000    29.904695712
    9.000000000    25.000000000    28.854771594
   10.000000000    25.000000000    27.869720024
   11.000000000    25.000000000    26.952474680
   12.000000000    25.000000000    26.105270998
   13.000000000    25.000000000    25.329745252
   14.000000000    25.000000000    24.627030356
   15.000000000    25.000000000    23.997844394
   16.000000000    25.000000000    23.442569483
   17.000000000    25.000000000    22.961319691
   18.000000000    25.000000000    22.553997525
   19.000000000    25.000000000    22.220338946
   20.000000000    25.000000000    21.959947146
   21.000000000    25.000000000    21.772315398
   22.000000000    25.000000000    21.656839278
   23.000000000    25.000000000    21.612818528
   24.000000000    25.000000000    21.639448709
   25.000000000    25.000000000    21.735802740
   26.000000000    25.000000000    21.900802372
   27.000000000    25.000000000    22.133179690
   28.000000000    25.000000000    22.431428876
   29.000000000    25.000000000    22.793748813
   30.000000000    25.000000000    23.217977629
   31.000000000    25.000000000    23.701521124
   32.000000000    25.000000000    24.241278210
   33.000000000    25.000000000    24.833567949
   34.000000000    25.000000000    25.474064551
   35.000000000    25.000000000    26.157748433
   36.000000000    25.000000000    26.878882782
   37.000000000    25.000000000    27.631025395
   38.000000000    25.000000000    28.407084130
   39.000000000    25.000000000    29.199420522
   40.000000000    25.000000000    30.000000000

    0.000000000    26.000000000    40.000000000
    1.000000000    26.000000000    38.613291353
    2.000000000    26.000000000    37.237325324
    3.000000000    26.000000000    35.882487661
    4.000000000    26.000000000    34.558492364
    5.000000000    26.000000000    33.274140205
    6.000000000    26.000000000    32.037165593
    7.000000000    26.000000000    30.854170584
    8.000000000    26.000000000    29.730633150
    9.000000000    26.000000000    28.670971044
   10.000000000    26.000000000    27.678641781
   11.000000000    26.000000000    26.756261632
   12.000000000    26.000000000    25.905730354
   13.000000000    26.000000000    25.128352369
   14.000000000    26.000000000    24.424948546
   15.000000000    26.000000000    23.795955416
   16.000000000    26.000000000    23.241510484
   17.000000000    26.000000000    22.761523485
   18.000000000    26.000000000    22.355734086
   19.000000000    26.000000000    22.023756820
   20.000000000    26.000000000    21.765114119
   21.000000000    26.000000000    21.579258192
   22.000000000    26.000000000    21.465582339
   23.000000000    26.000000000    21.423422073
   24.000000000    26.000000000    21.452046173
   25.000000000    26.000000000    21.550637591
   26.000000000    26.000000000    21.718263938
   27.000000000    26.000000000    21.953837174
   28.000000000    26.000000000    22.256062101
   29.000000000    26.000000000    22.623373492
   30.000000000    26.000000000    23.053862090
   31.000000000    26.000000000    23.545190626
   32.000000000    26.000000000    24.094502332
   33.000000000    26.000000000    24.698326414
   34.000000000    26.000000000    25.352487527
   35.000000000    26.000000000    26.052029270
   36.000000000    26.000000000    26.791164575
   37.000000000    26.000000000    27.563267640
   38.000000000    26.000000000    28.360921446
   39.000000000    26.000000000    29.176030536
   40.000000000    26.000000000    30.000000000

    0.000000000    27.000000000    40.000000000
    1.000000000    27.000000000    38.573943667
    2.000000000    27.000000000    37.159821835
    3.000000000    27.000000000    35.769094177
    4.000000000    27.000000000    34.412337353
    5.000000000    27.000000000    33.098950164
    6.000000000    27.000000000    31.836989351
    7.000000000    27.000000000    30.633126956
    8.000000000    27.000000000    29.492703680
    9.000000000    27.000000000    28.419846956
   10.000000000    27.000000000    27.417624556
   11.000000000    27.000000000    26.488210607
   12.000000000    27.000000000    25.633048008
   13.000000000    27.000000000    24.852997539
   14.000000000    27.000000000    24.148468809
   15.000000000    27.000000000    23.519531477
   16.000000000    27.000000000    22.966007178
   17.000000000    27.000000000    22.487543611
   18.000000000    27.000000000    22.083672664
   19.000000000    27.000000000    21.753854413
   20.000000000    27.000000000    21.497508647
   21.000000000    27.000000000    21.314035194
   22.000000000    27.000000000    21.202823964
   23.000000000    27.000000000    21.163255184
   24.000000000    27.000000000    21.194689947
   25.000000000    27.000000000    21.296450749
   26.000000000    27.000000000    21.467791382
   27.000000000    27.000000000    21.707855181
   28.000000000    27.000000000    22.015620455
   29.000000000    27.000000000    22.389831859
   30.000000000    27.000000000    22.828916745
   31.000000000    27.000000000    23.330886264
   32.000000000    27.000000000    23.893222500
   33.000000000    27.000000000    24.512755334
   34.000000000    27.000000000    25.185536378
   35.000000000    27.000000000    25.906722029
   36.000000000    27.000000000    26.670483036
   37.000000000    27.000000000    27.469962489
   38.000000000    27.000000000    28.297305718
   39.000000000    27.000000000    29.143781299
   40.000000000    27.000000000    30.000000000

    0.000000000    28.000000000    40.000000000
    1.000000000    28.000000000    38.522662591
    2.000000000    28.000000000    37.058926389
    3.000000000    28.000000000    35.621733165
    4.000000000    28.000000000    34.222817085
    5.000000000    28.000000000    32.872339167
    6.000000000    28.000000000    31.578721119
    7.000000000    28.000000000    30.348651611
    8.000000000    28.000000000    29.187215984
    9.000000000    28.000000000    28.098097744
   10.000000000    28.000000000    27.083808895
   11.000000000    28.000000000    26.145919002
   12.000000000    28.000000000    25.285264991
   13.000000000    28.000000000    24.502133047
   14.000000000    28.000000000    23.796410294
   15.000000000    28.000000000    23.167707592
   16.000000000    28.000000000    22.615456610
   17.000000000    28.000000000    22.138984891
   18.000000000    28.000000000    21.737572536
   19.000000000    28.000000000    21.410493642
   20.000000000    28.000000000    21.157045024
   21.000000000    28.000000000    20.976564095
   22.000000000    28.000000000    20.868437127
   23.000000000    28.000000000    20.832098525
   24.000000000    28.000000000    20.867021150
   25.000000000    28.000000000    20.972697163
   26.000000000    28.000000000    21.148608281
   27.000000000    28.000000000    21.394183790
   28.000000000    28.000000000    21.708744136
   29.000000000    28.000000000    22.091427516
   30.000000000    28.000000000    22.541096782
   31.000000000    28.000000000    23.056224383
   32.000000000    28.000000000    23.634754394
   33.000000000    28.000000000    24.273943447
   34.000000000    28.000000000    24.970187051
   35.000000000    28.000000000    25.718844851
   36.000000000    28.000000000    26.514087428
   37.000000000    28.000000000    27.348796867
   38.000000000    28.000000000    28.214559854
   39.000000000    28.000000000    29.101790052
   40.000000000    28.000000000    30.000000000

    0.000000000    29.000000000    40.000000000
    1.000000000    29.000000000    38.457781401
    2.000000000    29.000000000    36.931490146
    3.000000000    29.000000000    35.436098264
    4.000000000    29.000000000    33.984862965
    5.000000000    29.000000000    32.588873636
    6.000000000    29.000000000    31.256910681
    7.000000000    29.000000000    29.995549670
    8.000000000    29.000000000    28.809419098
    9.000000000    29.000000000    27.701528200
   10.000000000    29.000000000    26.673604137
   11.000000000    29.000000000    25.726402119
   12.000000000    29.000000000    24.859971189
   13.000000000    29.000000000    24.073871256
   14.000000000    29.000000000    23.367344153
   15.000000000    29.000000000    22.739444870
   16.000000000    29.000000000    22.189140041
   17.000000000    29.000000000    21.715380367
   18.000000000    29.000000000    21.317152722
   19.000000000    29.000000000    20.993516497
   20.000000000    29.000000000    20.743627658
   21.000000000    29.000000000    20.566752938
   22.000000000    29.000000000    20.462275699
   23.000000000    29.000000000    20.429694199
   24.000000000    29.000000000    20.468612230
   25.000000000    29.000000000    20.578721357
   26.000000000    29.000000000    20.759773214
   27.000000000    29.000000000    21.011539452
   28.000000000    29.000000000    21.333756065
   29.000000000    29.000000000    21.726047890
   30.000000000    29.000000000    22.187828346
   31.000000000    29.000000000    22.718169148
   32.000000000    29.000000000    23.315635443
   33.000000000    29.000000000    23.978084295
   34.000000000    29.000000000    24.702429861
   35.000000000    29.000000000    25.484388232
   36.000000000    29.000000000    26.318229267
   37.000000000    29.000000000    27.196580954
   38.000000000    29.000000000    28.110348959
   39.000000000    29.000000000    29.048820151
   40.000000000    29.000000000    30.000000000

    0.000000000    30.000000000    40.000000000
    1.000000000    30.000000000    38.376973942
    2.000000000    30.000000000    36.773156668
    3.000000000    30.000000000    35.206309973
    4.000000000    30.000000000    33.691667100
    5.000000000    30.000000000    32.241386965
    6.000000000    30.000000000    30.864504505
    7.000000000    30.000000000    29.567224433
    8.000000000    30.000000000    28.353390577
    9.000000000    30.000000000    27.225000698
   10.000000000    30.000000000    26.182687005
   11.000000000    30.000000000    25.226124546
   12.000000000    30.000000000    24.354357452
   13.000000000    30.000000000    23.566048294
   14.000000000    30.000000000    22.859662375
   15.000000000    30.000000000    22.233600328
   16.000000000    30.000000000    21.686291320
   17.000000000    30.000000000    21.216257111
   18.000000000    30.000000000    20.822154992
   19.000000000    30.000000000    20.502805597
   20.000000000    30.000000000    20.257209847
   21.000000000    30.000000000    20.084557931
   22.000000000    30.000000000    19.984232036
   23.000000000    30.000000000    19.955803637
   24.000000000    30.000000000    19.999025216
   25.000000000    30.000000000    20.113815454
   26.000000000    30.000000000    20.300235950
   27.000000000    30.000000000    20.558456399
   28.000000000    30.000000000    20.888703844
   29.000000000    30.000000000    21.291190032
   30.000000000    30.000000000    21.766009233
   31.000000000    30.000000000    22.312997298
   32.000000000    30.000000000    22.931541974
   33.000000000    30.000000000    23.620335572
   34.000000000    30.000000000    24.377066073
   35.000000000    30.000000000    25.198054182
   36.000000000    30.000000000    26.077864680
   37.000000000    30.000000000    27.008951916
   38.000000000    30.000000000    27.981437016
   39.000000000    30.000000000    28.983142667
   40.000000000    30.000000000    30.000000000

    0.000000000    31.000000000    40.000000000
    1.000000000    31.000000000    38.276958748
    2.000000000    31.000000000    36.577854697
    3.000000000    31.000000000    34.924320977
    4.000000000    31.000000000    33.334112622
    5.000000000    31.000000000    31.820507726
    6.000000000    31.000000000    30.392502000
    7.000000000    31.000000000    29.055459956
    8.000000000    31.000000000    27.811925924
    9.000000000    31.000000000    26.662405679
   10.000000000    31.000000000    25.606028078
   11.000000000    31.000000000    24.641061755
   12.000000000    31.000000000    23.765296579
   13.000000000    31.000000000    22.976313475
   14.000000000    31.000000000    22.271668617
   15.000000000    31.000000000    21.649015078
   16.000000000    31.000000000    21.106180495
   17.000000000    31.000000000    20.641214743
   18.000000000    31.000000000    20.252417723
   19.000000000    31.000000000    19.938354357
   20.000000000    31.000000000    19.697861551
   21.000000000    31.000000000    19.530050208
   22.000000000    31.000000000    19.434304062
   23.000000000    31.000000000    19.410276077
   24.000000000    31.000000000    19.457882238
   25.000000000    31.000000000    19.577291625
   26.000000000    31.000000000    19.768910624
   27.000000000    31.000000000    20.033357730
   28.000000000    31.000000000    20.371423677
   29.000000000    31.000000000    20.784009311
   30.000000000    31.000000000    21.272030693
   31.000000000    31.000000000    21.836277508
   32.000000000    31.000000000    22.477207430
   33.000000000    31.000000000    23.194656919
   34.000000000    31.000000000    23.987450736
   35.000000000    31.000000000    24.852902852
   36.000000000    31.000000000    25.786227479
   37.000000000    31.000000000    26.779928128
   38.000000000    31.000000000    27.823306609
   39.000000000    31.000000000    28.902314549
   40.000000000    31.000000000    30.000000000

    0.000000000    32.000000000    40.000000000
    1.000000000    32.000000000    38.153007369
    2.000000000    32.000000000    36.336984424
    3.000000000    32.000000000    34.579009643
    4.000000000    32.000000000    32.899958695
    5.000000000    32.000000000    31.314034279
    6.000000000    32.000000000    29.829541704
    7.000000000    32.000000000    28.450194242
    8.000000000    32.000000000    27.176455110
    9.000000000    32.000000000    26.006676440
   10.000000000    32.000000000    24.937967043
   11.000000000    32.000000000    23.966807682
   12.000000000    32.000000000    23.089464125
   13.000000000    32.000000000    22.302251469
   14.000000000    32.000000000    21.601695099
   15.000000000    32.000000000    20.984622856
   16.000000000    32.000000000    20.448213176
   17.000000000    32.000000000    19.990016254
   18.000000000    32.000000000    19.607959611
   19.000000000    32.000000000    19.300345489
   20.000000000    32.000000000    19.065844763
   21.000000000    32.000000000    18.903490218
   22.000000000    32.000000000    18.812670737
   23.000000000    32.000000000    18.793126986
   24.000000000    32.000000000    18.844948368
   25.000000000    32.000000000    18.968570167
   26.000000000    32.000000000    19.164768750
   27.000000000    32.000000000    19.434651280
   28.000000000    32.000000000    19.779634318
   29.000000000    32.000000000    20.201402706
   30.000000000    32.000000000    20.701835890
   31.000000000    32.000000000    21.282883034
   32.000000000    32.000000000    21.946360942
   33.000000000    32.000000000    22.693640717
   34.000000000    32.000000000    23.525182990
   35.000000000    32.000000000    24.439883973
   36.000000000    32.000000000    25.434218266
   37.000000000    32.000000000    26.501229537
   38.000000000    32.000000000    27.629548773
   39.000000000    32.000000000    28.802809938
   40.000000000    32.000000000    30.000000000

    0.000000000    33.000000000    40.000000000
    1.000000000    33.000000000    37.998087287
    2.000000000    33.000000000    36.038067952
    3.000000000    33.000000000    34.154777403
    4.000000000    33.000000000    32.372682112
    5.000000000    33.000000000    30.706133791
    6.000000000    33.000000000    29.161441989
    7.000000000    33.000000000    27.739326752
    8.000000000    33.000000000    26.437031206
    9.000000000    33.000000000    25.249886073
   10.000000000    33.000000000    24.172364841
   11.000000000    33.000000000    23.198747344
   12.000000000    33.000000000    22.323510919
   13.000000000    33.000000000    21.541543871
   14.000000000    33.000000000    20.848248629
   15.000000000    33.000000000    20.239579658
   16.000000000    33.000000000    19.712045028
   17.000000000    33.000000000    19.262689682
   18.000000000    33.000000000    18.889071367
   19.000000000    33.000000000    18.589235729
   20.000000000    33.000000000    18.361694337
   21.000000000    33.000000000    18.205407670
   22.000000000    33.000000000    18.119774071
   23.000000000    33.000000000    18.104624957
   24.000000000    33.000000000    18.160226010
   25.000000000    33.000000000    18.287283513
   26.000000000    33.000000000    18.486954104
   27.000000000    33.000000000    18.760855017
   28.000000000    33.000000000    19.111069755
   29.000000000    33.000000000    19.540140843
   30.000000000    33.000000000    20.051035998
   31.000000000    33.000000000    20.647065943
   32.000000000    33.000000000    21.331719959
   33.000000000    33.000000000    22.108368570
   34.000000000    33.000000000    22.979762229
   35.000000000    33.000000000    23.947236584
   36.000000000    33.000000000    25.009535951
   37.000000000    33.000000000    26.161225908
   38.000000000    33.000000000    27.390850969
   39.000000000    33.000000000    28.679377414
   40.000000000    33.000000000    30.000000000

    0.000000000    34.000000000    40.000000000
    1.000000000    34.000000000    37.801274775
    2.000000000    34.000000000    35.662424579
    3.000000000    34.000000000    33.629352724
    4.000000000    34.000000000    31.729862288
    5.000000000    34.000000000    29.976381401
    6.000000000    34.000000000    28.370771188
    7.000000000    34.000000000    26.908645876
    8.000000000    34.000000000    25.582463983
    9.000000000    34.000000000    24.383479643
   10.000000000    34.000000000    23.302867439
   11.000000000    34.000000000    22.332315109
   12.000000000    34.000000000    21.464298099
   13.000000000    34.000000000    20.692174756
   14.000000000    34.000000000    20.010186642
   15.000000000    34.000000000    19.413413268
   16.000000000    34.000000000    18.897709072
   17.000000000    34.000000000    18.459637815
   18.000000000    34.000000000    18.096412365
   19.000000000    34.000000000    17.805843753
   20.000000000    34.000000000    17.586301252
   21.000000000    34.000000000    17.436684083
   22.000000000    34.000000000    17.356404841
   23.000000000    34.000000000    17.345384493
   24.000000000    34.000000000    17.404058681
   25.000000000    34.000000000    17.533394921
   26.000000000    34.000000000    17.734919889
   27.000000000    34.000000000    18.010755217
   28.000000000    34.000000000    18.363658606
   29.000000000    34.000000000    18.797064088
   30.000000000    34.000000000    19.315109849
   31.000000000    34.000000000    19.922632616
   32.000000000    34.000000000    20.625091475
   33.000000000    34.000000000    21.428357680
   34.000000000    34.000000000    22.338266250
   35.000000000    34.000000000    23.359768801
   36.000000000    34.000000000    24.495466775
   37.000000000    34.000000000    25.743289992
   38.000000000    34.000000000    27.093253669
   39.000000000    34.000000000    28.523849697
   40.000000000    34.000000000    30.000000000

    0.000000000    35.000000000    40.000000000
    1.000000000    35.000000000    37.544588141
    2.000000000    35.000000000    35.181004672
    3.000000000    35.000000000    32.970349320
    4.000000000    35.000000000    30.941036483
    5.000000000    35.000000000    29.098762755
    6.000000000    35.000000000    27.436620726
    7.000000000    35.000000000    25.942027613
    8.000000000    35.000000000    24.600705993
    9.000000000    35.000000000    23.398708574
   10.000000000    35.000000000    22.323318324
   11.000000000    35.000000000    21.363356332
   12.000000000    35.000000000    20.509200952
   13.000000000    35.000000000    19.752680255
   14.000000000    35.000000000    19.086920199
   15.000000000    35.000000000    18.506188367
   16.000000000    35.000000000    18.005751155
   17.000000000    35.000000000    17.581751367
   18.000000000    35.000000000    17.231107928
   19.000000000    35.000000000    16.951437176
   20.000000000    35.000000000    16.740994380
   21.000000000    35.000000000    16.598634077
   22.000000000    35.000000000    16.523788120
   23.000000000    35.000000000    16.516460718
   24.000000000    35.000000000    16.577240279
   25.000000000    35.000000000    16.707328266
   26.000000000    35.000000000    16.908585600
   27.000000000    35.000000000    17.183597199
   28.000000000    35.000000000    17.535754705
   29.000000000    35.000000000    17.969355831
   30.000000000    35.000000000    18.489714859
   31.000000000    35.000000000    19.103270696
   32.000000000    35.000000000    19.817662431
   33.000000000    35.000000000    20.641710457
   34.000000000    35.000000000    21.585181531
   35.000000000    35.000000000    22.658110011
   36.000000000    35.000000000    23.869275925
   37.000000000    35.000000000    25.223216311
   38.000000000    35.000000000    26.715025824
   39.000000000    35.000000000    28.322768611
   40.000000000    35.000000000    30.000000000

    0.000000000    36.000000000    40.000000000
    1.000000000    36.000000000    37.196073976
    2.000000000    36.000000000    34.546658367
    3.000000000    36.000000000    32.130005963
    4.000000000    36.000000000    29.965174960
    5.000000000    36.000000000    28.041016612
    6.000000000    36.000000000    26.334926332
    7.000000000    36.000000000    24.822143591
    8.000000000    36.000000000    23.479630254
    9.000000000    36.000000000    22.287337466
   10.000000000    36.000000000    21.228348713
   11.000000000    36.000000000    20.288599291
   12.000000000    36.000000000    19.456478004
   13.000000000    36.000000000    18.722434472
   14.000000000    36.000000000    18.078635314
   15.000000000    36.000000000    17.518678987
   16.000000000    36.000000000    17.037366255
   17.000000000    36.000000000    16.630519242
   18.000000000    36.000000000    16.294841645
   19.000000000    36.000000000    16.027813587
   20.000000000    36.000000000    15.827615990
   21.000000000    36.000000000    15.693080670
   22.000000000    36.000000000    15.623663686
   23.000000000    36.000000000    15.619440652
   24.000000000    36.000000000    15.681123891
   25.000000000    36.000000000    15.810102406
   26.000000000    36.000000000    16.008506828
   27.000000000    36.000000000    16.279302632
   28.000000000    36.000000000    16.626416065
   29.000000000    36.000000000    17.054898020
   30.000000000    36.000000000    17.571130821
   31.000000000    36.000000000    18.183080007
   32.000000000    36.000000000    18.900583546
   33.000000000    36.000000000    19.735645921
   34.000000000    36.000000000    20.702644390
   35.000000000    36.000000000    21.818217989
   36.000000000    36.000000000    23.100313994
   37.000000000    36.000000000    24.565276064
   38.000000000    36.000000000    26.220866422
   39.000000000    36.000000000    28.052199785
   40.000000000    36.000000000    30.000000000

    0.000000000    37.000000000    40.000000000
    1.000000000    37.000000000    36.693050210
    2.000000000    37.000000000    33.679550478
    3.000000000    37.000000000    31.037843624
    4.000000000    37.000000000    28.748643986
    5.000000000    37.000000000    26.765206369
    6.000000000    37.000000000    25.039929106
    7.000000000    37.000000000    23.531995583
    8.000000000    37.000000000    22.208340059
    9.000000000    37.000000000    21.042669057
   10.000000000    37.000000000    20.014147101
   11.000000000    37.000000000    19.106221998
   12.000000000    37.000000000    18.305685686
   13.000000000    37.000000000    17.601953154
   14.000000000    37.000000000    16.986516835
   15.000000000    37.000000000    16.452535591
   16.000000000    37.000000000    15.994525493
   17.000000000    37.000000000    15.608127783
   18.000000000    37.000000000    15.289936062
   19.000000000    37.000000000    15.037369871
   20.000000000    37.000000000    14.848585689
   21.000000000    37.000000000    14.722419263
   22.000000000    37.000000000    14.658355541
   23.000000000    37.000000000    14.656524395
   24.000000000    37.000000000    14.717722085
   25.000000000    37.000000000    14.843460217
   26.000000000    37.000000000    15.036045912
   27.000000000    37.000000000    15.298699273
   28.000000000    37.000000000    15.635717292
   29.000000000    37.000000000    16.052697244
   30.000000000    37.000000000    16.556837729
   31.000000000    37.000000000    17.157341696
   32.000000000    37.000000000    17.865951921
   33.000000000    37.000000000    18.697650709
   34.000000000    37.000000000    19.671536826
   35.000000000    37.000000000    20.811807529
   36.000000000    37.000000000    22.148489201
   37.000000000    37.000000000    23.716709950
   38.000000000    37.000000000    25.550965637
   39.000000000    37.000000000    27.665164921
   40.000000000    37.000000000    30.000000000

    0.000000000    38.000000000    40.000000000
    1.000000000    38.000000000    35.896577150
    2.000000000    38.000000000    32.440651230
    3.000000000    38.000000000    29.593176337
    4.000000000    38.000000000    27.226353992
    5.000000000    38.000000000    25.231239492
    6.000000000    38.000000000    23.527592551
    7.000000000    38.000000000    22.057574652
    8.000000000    38.000000000    20.779071052
    9.000000000    38.000000000    19.660857912
   10.000000000    38.000000000    18.679355506
   11.000000000    38.000000000    17.816463303
   12.000000000    38.000000000    17.058097450
   13.000000000    38.000000000    16.393183908
   14.000000000    38.000000000    15.812951940
   15.000000000    38.000000000    15.310430025
   16.000000000    38.000000000    14.880081585
   17.000000000    38.000000000    14.517539785
   18.000000000    38.000000000    14.219414544
   19.000000000    38.000000000    13.983153834
   20.000000000    38.000000000    13.806947350
   21.000000000    38.000000000    13.689664838
   22.000000000    38.000000000    13.630824418
   23.000000000    38.000000000    13.630588750
   24.000000000    38.000000000    13.689789076
   25.000000000    38.000000000    13.809979443
   26.000000000    38.000000000    13.993525988
   27.000000000    38.000000000    14.243739542
   28.000000000    38.000000000    14.565064446
   29.000000000    38.000000000    14.963343324
   30.000000000    38.000000000    15.446188025
   31.000000000    38.000000000    16.023503440
   32.000000000    38.000000000    16.708237443
   33.000000000    38.000000000    17.517473243
   34.000000000    38.000000000    18.474049087
   35.000000000    38.000000000    19.608989819
   36.000000000    38.000000000    20.965128334
   37.000000000    38.000000000    22.602111167
   38.000000000    38.000000000    24.601122775
   39.000000000    38.000000000    27.057495024
   40.000000000    38.000000000    30.000000000

    0.000000000    39.000000000    40.000000000
    1.000000000    39.000000000    34.452607869
    2.000000000    39.000000000    30.593302368
    3.000000000    39.000000000    27.667858612
    4.000000000    39.000000000    25.332358942
    5.000000000    39.000000000    23.405808511
    6.000000000    39.000000000    21.781631052
    7.000000000    39.000000000    20.391644142
    8.000000000    39.000000000    19.189516891
    9.000000000    39.000000000    18.142341898
   10.000000000    39.000000000    17.225960094
   11.000000000    39.000000000    16.422185122
   12.000000000    39.000000000    15.717064207
   13.000000000    39.000000000    15.099740786
   14.000000000    39.000000000    14.561685034
   15.000000000    39.000000000    14.096159327
   16.000000000    39.000000000    13.697839624
   17.000000000    39.000000000    13.362544006
   18.000000000    39.000000000    13.087037414
   19.000000000    39.000000000    12.868892570
   20.000000000    39.000000000    12.706394068
   21.000000000    39.000000000    12.598477322
   22.000000000    39.000000000    12.544697462
   23.000000000    39.000000000    12.545225890
   24.000000000    39.000000000    12.600874614
   25.000000000    39.000000000    12.713150833
   26.000000000    39.000000000    12.884347099
   27.000000000    39.000000000    13.117676159
   28.000000000    39.000000000    13.417464931
   29.000000000    39.000000000    13.789430448
   30.000000000    39.000000000    14.241073990
   31.000000000    39.000000000    14.782252460
   32.000000000    39.000000000    15.426026476
   33.000000000    39.000000000    16.189960451
   34.000000000    39.000000000    17.098200559
   35.000000000    39.000000000    18.184977780
   36.000000000    39.000000000    19.500925938
   37.000000000    39.000000000    21.125485716
   38.000000000    39.000000000    23.193920685
   39.000000000    39.000000000    25.963693107
   40.000000000    39.000000000    30.000000000

    0.000000000    40.000000000     0.000000000
    1.000000000    40.000000000    31.320552608
    2.000000000    40.000000000    27.812093062
    3.000000000    40.000000000    25.152598738
    4.000000000    40.000000000    23.029417220
    5.000000000    40.000000000    21.278007737
    6.000000000    40.000000000    19.801482774
    7.000000000    40.000000000    18.537858310
    8.000000000    40.000000000    17.445015356
    9.000000000    40.000000000    16.493038089
   10.000000000    40.000000000    15.659963722
   11.000000000    40.000000000    14.929259202
   12.000000000    40.000000000    14.288240188
   13.000000000    40.000000000    13.727037079
   14.000000000    40.000000000    13.237895486
   15.000000000    40.000000000    12.814690297
   16.000000000    40.000000000    12.452581476
   17.000000000    40.000000000    12.147767278
   18.000000000    40.000000000    11.897306740
   19.000000000    40.000000000    11.698993246
   20.000000000    40.000000000    11.551267334
   21.000000000    40.000000000    11.453161202
   22.000000000    40.000000000    11.404270420
   23.000000000    40.000000000    11.404750809
   24.000000000    40.000000000    11.455340559
   25.000000000    40.000000000    11.557409848
   26.000000000    40.000000000    11.713042817
   27.000000000    40.000000000    11.925160144
   28.000000000    40.000000000    12.197695392
   29.000000000    40.000000000    12.535845861
   30.000000000    40.000000000    12.946430900
   31.000000000    40.000000000    13.438411327
   32.000000000    40.000000000    14.023660433
   33.000000000    40.000000000    14.718145864
   34.000000000    40.000000000    15.543818690
   35.000000000    40.000000000    16.531797982
   36.000000000    40.000000000    17.728114489
   37.000000000    40.000000000    19.204987015
   38.000000000    40.000000000    21.085382441
   39.000000000    40.000000000    23.603357370
   40.000000000    40.000000000     0.000000000
