         1          1     0.000594249
         1          2     0.000814658
         1          3     0.001031731
         1          4     0.001244584
         1          5     0.001452351
         1          6     0.001654195
         1          7     0.001849302
         1          8     0.002036895
         1          9     0.002216229
         1         10     0.002386599
         1         11     0.002547341
         1         12     0.002697838
         1         13     0.002837514
         1         14     0.002965845
         1         15     0.003082356
         1         16     0.003186624
         1         17     0.003278277
         1         18     0.003356997
         1         19     0.003422519
         1         20     0.003474634
         1         21     0.003513184
         1         22     0.003538067
         1         23     0.003549233
         1         24     0.003546686
         1         25     0.003530480
         1         26     0.003500722
         1         27     0.003457569
         1         28     0.003401224
         1         29     0.003331941
         1         30     0.003250017
         1         31     0.003155794
         1         32     0.003049659
         1         33     0.002932036
         1         34     0.002803392
         1         35     0.002664228
         1         36     0.002515083
         1         37     0.002356527
         1         38     0.002189164
         1         39     0.002013625

         2          1     0.001184668
         2          2     0.001624064
         2          3     0.002056811
         2          4     0.002481145
         2          5     0.002895341
         2          6     0.003297726
         2          7     0.003686684
         2          8     0.004060659
         2          9     0.004418171
         2         10     0.004757813
         2         11     0.005078263
         2         12     0.005378285
         2         13     0.005656736
         2         14     0.005912571
         2         15     0.006144843
         2         16     0.006352706
         2         17     0.006535421
         2         18     0.006692354
         2         19     0.006822977
         2         20     0.006926870
         2         21     0.007003722
         2         22     0.007053327
         2         23     0.007075587
         2         24     0.007070509
         2         25     0.007038202
         2         26     0.006978879
         2         27     0.006892850
         2         28     0.006780524
         2         29     0.006642404
         2         30     0.006479084
         2         31     0.006291246
         2         32     0.006079659
         2         33     0.005845172
         2         34     0.005588713
         2         35     0.005311282
         2         36     0.005013953
         2         37     0.004697864
         2         38     0.004364217
         2         39     0.004014270

         3          1     0.001767453
         3          2     0.002423007
         3          3     0.003068640
         3          4     0.003701719
         3          5     0.004319675
         3          6     0.004920010
         3          7     0.005500311
         3          8     0.006058261
         3          9     0.006591647
         3         10     0.007098373
         3         11     0.007576464
         3         12     0.008024079
         3         13     0.008439512
         3         14     0.008821203
         3         15     0.009167738
         3         16     0.009477858
         3         17     0.009750458
         3         18     0.009984592
         3         19     0.010179473
         3         20     0.010334476
         3         21     0.010449134
         3         22     0.010523142
         3         23     0.010556353
         3         24     0.010548776
         3         25     0.010500576
         3         26     0.010412069
         3         27     0.010283719
         3         28     0.010116136
         3         29     0.009910069
         3         30     0.009666405
         3         31     0.009386163
         3         32     0.009070488
         3         33     0.008720647
         3         34     0.008338025
         3         35     0.007924115
         3         36     0.007480518
         3         37     0.007008932
         3         38     0.006511150
         3         39     0.005989050

         4          1     0.002338859
         4          2     0.003206349
         4          3     0.004060711
         4          4     0.004898461
         4          5     0.005716198
         4          6     0.006510618
         4          7     0.007278527
         4          8     0.008016857
         4          9     0.008722684
         4         10     0.009393230
         4         11     0.010025886
         4         12     0.010618212
         4         13     0.011167952
         4         14     0.011673041
         4         15     0.012131608
         4         16     0.012541988
         4         17     0.012902718
         4         18     0.013212545
         4         19     0.013470431
         4         20     0.013675545
         4         21     0.013827271
         4         22     0.013925206
         4         23     0.013969153
         4         24     0.013959127
         4         25     0.013895345
         4         26     0.013778224
         4         27     0.013608379
         4         28     0.013386617
         4         29     0.013113930
         4         30     0.012791491
         4         31     0.012420649
         4         32     0.012002918
         4         33     0.011539976
         4         34     0.011033654
         4         35     0.010485930
         4         36     0.009898921
         4         37     0.009274875
         4         38     0.008616163
         4         39     0.007925271

         5          1     0.002895223
         5          2     0.003969070
         5          3     0.005026665
         5          4     0.006063698
         5          5     0.007075957
         5          6     0.008059352
         5          7     0.009009929
         5          8     0.009923893
         5          9     0.010797620
         5         10     0.011627675
         5         11     0.012410825
         5         12     0.013144052
         5         13     0.013824564
         5         14     0.014449802
         5         15     0.015017453
         5         16     0.015525453
         5         17     0.015971992
         5         18     0.016355521
         5         19     0.016674752
         5         20     0.016928658
         5         21     0.017116477
         5         22     0.017237708
         5         23     0.017292110
         5         24     0.017279699
         5         25     0.017200744
         5         26     0.017055762
         5         27     0.016845515
         5         28     0.016571001
         5         29     0.016233448
         5         30     0.015834308
         5         31     0.015375250
         5         32     0.014858150
         5         33     0.014285084
         5         34     0.013658319
         5         35     0.012980304
         5         36     0.012253658
         5         37     0.011481165
         5         38     0.010665760
         5         39     0.009810520

         6          1     0.003432990
         6          2     0.004706297
         6          3     0.005960333
         6          4     0.007189987
         6          5     0.008390267
         6          6     0.009556320
         6          7     0.010683460
         6          8     0.011767186
         6          9     0.012803202
         6         10     0.013787434
         6         11     0.014716049
         6         12     0.015585468
         6         13     0.016392379
         6         14     0.017133751
         6         15     0.017806839
         6         16     0.018409196
         6         17     0.018938678
         6         18     0.019393445
         6         19     0.019771970
         6         20     0.020073037
         6         21     0.020295742
         6         22     0.020439491
         6         23     0.020503998
         6         24     0.020489281
         6         25     0.020395661
         6         26     0.020223750
         6         27     0.019974451
         6         28     0.019648948
         6         29     0.019248696
         6         30     0.018775419
         6         31     0.018231094
         6         32     0.017617947
         6         33     0.016938438
         6         34     0.016195256
         6         35     0.015391304
         6         36     0.014529689
         6         37     0.013613710
         6         38     0.012646849
         6         39     0.011632755

         7          1     0.003948742
         7          2     0.005413343
         7          3     0.006855778
         7          4     0.008270168
         7          5     0.009650770
         7          6     0.010992005
         7          7     0.012288480
         7          8     0.013535018
         7          9     0.014726679
         7         10     0.015858776
         7         11     0.016926900
         7         12     0.017926936
         7         13     0.018855073
         7         14     0.019707824
         7         15     0.020482033
         7         16     0.021174885
         7         17     0.021783912
         7         18     0.022307000
         7         19     0.022742393
         7         20     0.023088691
         7         21     0.023344854
         7         22     0.023510198
         7         23     0.023584396
         7         24     0.023567469
         7         25     0.023459784
         7         26     0.023262046
         7         27     0.022975294
         7         28     0.022600889
         7         29     0.022140506
         7         30     0.021596126
         7         31     0.020970025
         7         32     0.020264762
         7         33     0.019483168
         7         34     0.018628335
         7         35     0.017703602
         7         36     0.016712543
         7         37     0.015658953
         7         38     0.014546837
         7         39     0.013380391

         8          1     0.004439219
         8          2     0.006085739
         8          3     0.007707340
         8          4     0.009297412
         8          5     0.010849500
         8          6     0.012357330
         8          7     0.013814841
         8          8     0.015216213
         8          9     0.016555891
         8         10     0.017828607
         8         11     0.019029404
         8         12     0.020153654
         8         13     0.021197076
         8         14     0.022155748
         8         15     0.023026122
         8         16     0.023805033
         8         17     0.024489708
         8         18     0.025077770
         8         19     0.025567243
         8         20     0.025956555
         8         21     0.026244536
         8         22     0.026430418
         8         23     0.026513832
         8         24     0.026494802
         8         25     0.026373741
         8         26     0.026151443
         8         27     0.025829073
         8         28     0.025408162
         8         29     0.024890595
         8         30     0.024278597
         8         31     0.023574728
         8         32     0.022781864
         8         33     0.021903187
         8         34     0.020942175
         8         35     0.019902580
         8         36     0.018788420
         8         37     0.017603964
         8         38     0.016353710
         8         39     0.015042379

         9          1     0.004901339
         9          2     0.006719261
         9          3     0.008509670
         9          4     0.010265269
         9          5     0.011978928
         9          6     0.013643722
         9          7     0.015252960
         9          8     0.016800214
         9          9     0.018279351
         9         10     0.019684556
         9         11     0.021010356
         9         12     0.022251640
         9         13     0.023403682
         9         14     0.024462151
         9         15     0.025423131
         9         16     0.026283126
         9         17     0.027039075
         9         18     0.027688354
         9         19     0.028228781
         9         20     0.028658620
         9         21     0.028976580
         9         22     0.029181812
         9         23     0.029273909
         9         24     0.029252899
         9         25     0.029119235
         9         26     0.028873795
         9         27     0.028517867
         9         28     0.028053140
         9         29     0.027481694
         9         30     0.026805988
         9         31     0.026028846
         9         32     0.025153445
         9         33     0.024183299
         9         34     0.023122245
         9         35     0.021974428
         9         36     0.020744286
         9         37     0.019436528
         9         38     0.018056124
         9         39     0.016608284

        10          1     0.005332225
        10          2     0.007309964
        10          3     0.009257771
        10          4     0.011167707
        10          5     0.013032017
        10          6     0.014843167
        10          7     0.016593875
        10          8     0.018277152
        10          9     0.019886323
        10         10     0.021415062
        10         11     0.022857415
        10         12     0.024207823
        10         13     0.025461142
        10         14     0.026612663
        10         15     0.027658125
        10         16     0.028593724
        10         17     0.029416130
        10         18     0.030122488
        10         19     0.030710425
        10         20     0.031178052
        10         21     0.031523964
        10         22     0.031747238
        10         23     0.031847432
        10         24     0.031824574
        10         25     0.031679160
        10         26     0.031412143
        10         27     0.031024925
        10         28     0.030519342
        10         29     0.029897660
        10         30     0.029162551
        10         31     0.028317089
        10         32     0.027364730
        10         33     0.026309296
        10         34     0.025154964
        10         35     0.023906241
        10         36     0.022567954
        10         37     0.021145228
        10         38     0.019643471
        10         39     0.018068348

        11          1     0.005729216
        11          2     0.007854200
        11          3     0.009947024
        11          4     0.011999157
        11          5     0.014002268
        11          6     0.015948259
        11          7     0.017829310
        11          8     0.019637909
        11          9     0.021366885
        11         10     0.023009440
        11         11     0.024559178
        11         12     0.026010125
        11         13     0.027356756
        11         14     0.028594010
        11         15     0.029717307
        11         16     0.030722563
        11         17     0.031606198
        11         18     0.032365145
        11         19     0.032996854
        11         20     0.033499297
        11         21     0.033870962
        11         22     0.034110860
        11         23     0.034218513
        11         24     0.034193954
        11         25     0.034037713
        11         26     0.033750817
        11         27     0.033334769
        11         28     0.032791546
        11         29     0.032123578
        11         30     0.031333739
        11         31     0.030425332
        11         32     0.029402068
        11         33     0.028268056
        11         34     0.027027782
        11         35     0.025686090
        11         36     0.024248166
        11         37     0.022719517
        11         38     0.021105951
        11         39     0.019413559

        12          1     0.006089887
        12          2     0.008348645
        12          3     0.010573219
        12          4     0.012754540
        12          5     0.014883753
        12          6     0.016952250
        12          7     0.018951719
        12          8     0.020874174
        12          9     0.022711994
        12         10     0.024457954
        12         11     0.026105252
        12         12     0.027647541
        12         13     0.029078946
        12         14     0.030394089
        12         15     0.031588101
        12         16     0.032656640
        12         17     0.033595903
        12         18     0.034402628
        12         19     0.035074105
        12         20     0.035608178
        12         21     0.036003241
        12         22     0.036258241
        12         23     0.036372671
        12         24     0.036346566
        12         25     0.036180489
        12         26     0.035875532
        12         27     0.035433293
        12         28     0.034855872
        12         29     0.034145853
        12         30     0.033306292
        12         31     0.032340698
        12         32     0.031253016
        12         33     0.030047615
        12         34     0.028729262
        12         35     0.027303106
        12         36     0.025774660
        12         37     0.024149778
        12         38     0.022434634
        12         39     0.020635701

        13          1     0.006412064
        13          2     0.008790318
        13          3     0.011132580
        13          4     0.013429301
        13          5     0.015671156
        13          6     0.017849085
        13          7     0.019954333
        13          8     0.021978492
        13          9     0.023913540
        13         10     0.025751866
        13         11     0.027486313
        13         12     0.029110194
        13         13     0.030617326
        13         14     0.032002044
        13         15     0.033259223
        13         16     0.034384293
        13         17     0.035373246
        13         18     0.036222649
        13         19     0.036929650
        13         20     0.037491977
        13         21     0.037907940
        13         22     0.038176431
        13         23     0.038296915
        13         24     0.038269428
        13         25     0.038094566
        13         26     0.037773475
        13         27     0.037307840
        13         28     0.036699871
        13         29     0.035952290
        13         30     0.035068313
        13         31     0.034051635
        13         32     0.032906412
        13         33     0.031637240
        13         34     0.030249142
        13         35     0.028747537
        13         36     0.027138231
        13         37     0.025427387
        13         38     0.023621506
        13         39     0.021727403

        14          1     0.006693832
        14          2     0.009176595
        14          3     0.011621783
        14          4     0.014019430
        14          5     0.016359800
        14          6     0.018633435
        14          7     0.020831194
        14          8     0.022944303
        14          9     0.024964382
        14         10     0.026883492
        14         11     0.028694156
        14         12     0.030389396
        14         13     0.031962756
        14         14     0.033408323
        14         15     0.034720747
        14         16     0.035895256
        14         17     0.036927667
        14         18     0.037814396
        14         19     0.038552465
        14         20     0.039139503
        14         21     0.039573745
        14         22     0.039854034
        14         23     0.039979812
        14         24     0.039951117
        14         25     0.039768571
        14         26     0.039433370
        14         27     0.038947273
        14         28     0.038312589
        14         29     0.037532156
        14         30     0.036609334
        14         31     0.035547980
        14         32     0.034352432
        14         33     0.033027489
        14         34     0.031578392
        14         35     0.030010802
        14         36     0.028330778
        14         37     0.026544753
        14         38     0.024659515
        14         39     0.022682179

        15          1     0.006933549
        15          2     0.009505223
        15          3     0.012037977
        15          4     0.014521488
        15          5     0.016945670
        15          6     0.019300726
        15          7     0.021577191
        15          8     0.023765973
        15          9     0.025858395
        15         10     0.027846230
        15         11     0.029721737
        15         12     0.031477686
        15         13     0.033107391
        15         14     0.034604726
        15         15     0.035964150
        15         16     0.037180720
        15         17     0.038250103
        15         18     0.039168587
        15         19     0.039933087
        15         20     0.040541147
        15         21     0.040990940
        15         22     0.041281267
        15         23     0.041411550
        15         24     0.041381827
        15         25     0.041192743
        15         26     0.040845538
        15         27     0.040342034
        15         28     0.039684620
        15         29     0.038876239
        15         30     0.037920370
        15         31     0.036821007
        15         32     0.035582644
        15         33     0.034210253
        15         34     0.032709262
        15         35     0.031085534
        15         36     0.029345345
        15         37     0.027495361
        15         38     0.025542610
        15         39     0.023494462

        16          1     0.007129848
        16          2     0.009774331
        16          3     0.012378791
        16          4     0.014932614
        16          5     0.017425428
        16          6     0.019847160
        16          7     0.022188076
        16          8     0.024438825
        16          9     0.026590487
        16         10     0.028634601
        16         11     0.030563206
        16         12     0.032368869
        16         13     0.034044713
        16         14     0.035584440
        16         15     0.036982352
        16         16     0.038233364
        16         17     0.039333023
        16         18     0.040277511
        16         19     0.041063656
        16         20     0.041688931
        16         21     0.042151458
        16         22     0.042450004
        16         23     0.042583975
        16         24     0.042553411
        16         25     0.042358974
        16         26     0.042001940
        16         27     0.041484180
        16         28     0.040808154
        16         29     0.039976886
        16         30     0.038993955
        16         31     0.037863467
        16         32     0.036590044
        16         33     0.035178798
        16         34     0.033635312
        16         35     0.031965614
        16         36     0.030176158
        16         37     0.028273797
        16         38     0.026265761
        16         39     0.024159626

        17          1     0.007281650
        17          2     0.009982436
        17          3     0.012642348
        17          4     0.015250544
        17          5     0.017796433
        17          6     0.020269726
        17          7     0.022660482
        17          8     0.024959153
        17          9     0.027156625
        17         10     0.029244260
        17         11     0.031213927
        17         12     0.033058035
        17         13     0.034769559
        17         14     0.036342069
        17         15     0.037769743
        17         16     0.039047391
        17         17     0.040170463
        17         18     0.041135060
        17         19     0.041937942
        17         20     0.042576530
        17         21     0.043048905
        17         22     0.043353807
        17         23     0.043490631
        17         24     0.043459416
        17         25     0.043260839
        17         26     0.042896203
        17         27     0.042367419
        17         28     0.041677000
        17         29     0.040828034
        17         30     0.039824175
        17         31     0.038669618
        17         32     0.037369082
        17         33     0.035927790
        17         34     0.034351441
        17         35     0.032646193
        17         36     0.030818638
        17         37     0.028875774
        17         38     0.026824985
        17         39     0.024674009

        18          1     0.007388159
        18          2     0.010128449
        18          3     0.012827268
        18          4     0.015473614
        18          5     0.018056742
        18          6     0.020566212
        18          7     0.022991937
        18          8     0.025324230
        18          9     0.027553845
        18         10     0.029672016
        18         11     0.031670494
        18         12     0.033541575
        18         13     0.035278134
        18         14     0.036873644
        18         15     0.038322201
        18         16     0.039618537
        18         17     0.040758036
        18         18     0.041736742
        18         19     0.042551368
        18         20     0.043199297
        18         21     0.043678581
        18         22     0.043987943
        18         23     0.044126768
        18         24     0.044095097
        18         25     0.043893615
        18         26     0.043523645
        18         27     0.042987127
        18         28     0.042286609
        18         29     0.041425225
        18         30     0.040406683
        18         31     0.039235238
        18         32     0.037915680
        18         33     0.036453305
        18         34     0.034853899
        18         35     0.033123709
        18         36     0.031269422
        18         37     0.029298140
        18         38     0.027217354
        18         39     0.025034915

        19          1     0.007448868
        19          2     0.010211675
        19          3     0.012932670
        19          4     0.015600761
        19          5     0.018205115
        19          6     0.020735205
        19          7     0.023180863
        19          8     0.025532320
        19          9     0.027780256
        19         10     0.029915832
        19         11     0.031930731
        19         12     0.033817187
        19         13     0.035568015
        19         14     0.037176636
        19         15     0.038637096
        19         16     0.039944084
        19         17     0.041092946
        19         18     0.042079694
        19         19     0.042901014
        19         20     0.043554266
        19         21     0.044037489
        19         22     0.044349393
        19         23     0.044489359
        19         24     0.044457427
        19         25     0.044254290
        19         26     0.043881280
        19         27     0.043340353
        19         28     0.042634079
        19         29     0.041765617
        19         30     0.040738705
        19         31     0.039557635
        19         32     0.038227234
        19         33     0.036752843
        19         34     0.035140294
        19         35     0.033395887
        19         36     0.031526363
        19         37     0.029538883
        19         38     0.027440999
        19         39     0.025240628

        20          1     0.007463556
        20          2     0.010231812
        20          3     0.012958172
        20          4     0.015631525
        20          5     0.018241014
        20          6     0.020776093
        20          7     0.023226573
        20          8     0.025582668
        20          9     0.027835036
        20         10     0.029974824
        20         11     0.031993696
        20         12     0.033883871
        20         13     0.035638152
        20         14     0.037249945
        20         15     0.038713284
        20         16     0.040022850
        20         17     0.041173977
        20         18     0.042162671
        20         19     0.042985610
        20         20     0.043640151
        20         21     0.044124326
        20         22     0.044436845
        20         23     0.044577087
        20         24     0.044545092
        20         25     0.044341555
        20         26     0.043967809
        20         27     0.043425816
        20         28     0.042718149
        20         29     0.041847974
        20         30     0.040819037
        20         31     0.039635638
        20         32     0.038302613
        20         33     0.036825315
        20         34     0.035209587
        20         35     0.033461740
        20         36     0.031588530
        20         37     0.029597131
        20         38     0.027495110
        20         39     0.025290399

        21          1     0.007432288
        21          2     0.010188947
        21          3     0.012903885
        21          4     0.015566038
        21          5     0.018164595
        21          6     0.020689054
        21          7     0.023129268
        21          8     0.025475492
        21          9     0.027718425
        21         10     0.029849247
        21         11     0.031859662
        21         12     0.033741919
        21         13     0.035488850
        21         14     0.037093890
        21         15     0.038551099
        21         16     0.039855178
        21         17     0.041001483
        21         18     0.041986035
        21         19     0.042805527
        21         20     0.043457325
        21         21     0.043939472
        21         22     0.044250682
        21         23     0.044390336
        21         24     0.044358475
        21         25     0.044155790
        21         26     0.043783610
        21         27     0.043243888
        21         28     0.042539185
        21         29     0.041672657
        21         30     0.040648030
        21         31     0.039469588
        21         32     0.038142149
        21         33     0.036671039
        21         34     0.035062080
        21         35     0.033321555
        21         36     0.031456193
        21         37     0.029473137
        21         38     0.027379922
        21         39     0.025184448

        22          1     0.007355409
        22          2     0.010083552
        22          3     0.012770407
        22          4     0.015405023
        22          5     0.017976700
        22          6     0.020475046
        22          7     0.022890019
        22          8     0.025211973
        22          9     0.027431705
        22         10     0.029540486
        22         11     0.031530105
        22         12     0.033392892
        22         13     0.035121753
        22         14     0.036710190
        22         15     0.038152326
        22         16     0.039442915
        22         17     0.040577363
        22         18     0.041551731
        22         19     0.042362745
        22         20     0.043007801
        22         21     0.043484961
        22         22     0.043792952
        22         23     0.043931161
        22         24     0.043899630
        22         25     0.043699042
        22         26     0.043330711
        22         27     0.042796572
        22         28     0.042099159
        22         29     0.041241593
        22         30     0.040227565
        22         31     0.039061314
        22         32     0.037747605
        22         33     0.036291713
        22         34     0.034699397
        22         35     0.032976876
        22         36     0.031130809
        22         37     0.029168265
        22         38     0.027096703
        22         39     0.024923939

        23          1     0.007233535
        23          2     0.009916476
        23          3     0.012558812
        23          4     0.015149774
        23          5     0.017678840
        23          6     0.020135791
        23          7     0.022510749
        23          8     0.024794230
        23          9     0.026977183
        23         10     0.029051024
        23         11     0.031007675
        23         12     0.032839598
        23         13     0.034539813
        23         14     0.036101931
        23         15     0.037520172
        23         16     0.038789377
        23         17     0.039905028
        23         18     0.040863251
        23         19     0.041660828
        23         20     0.042295196
        23         21     0.042764449
        23         22     0.043067336
        23         23     0.043203256
        23         24     0.043172247
        23         25     0.042974982
        23         26     0.042612755
        23         27     0.042087466
        23         28     0.041401608
        23         29     0.040558252
        23         30     0.039561026
        23         31     0.038414098
        23         32     0.037122156
        23         33     0.035690387
        23         34     0.034124454
        23         35     0.032430475
        23         36     0.030614995
        23         37     0.028684970
        23         38     0.026647731
        23         39     0.024510968

        24          1     0.007067554
        24          2     0.009688931
        24          3     0.012270636
        24          4     0.014802145
        24          5     0.017273180
        24          6     0.019673753
        24          7     0.021994215
        24          8     0.024225299
        24          9     0.026358161
        24         10     0.028384416
        24         11     0.030296170
        24         12     0.032086057
        24         13     0.033747258
        24         14     0.035273532
        24         15     0.036659230
        24         16     0.037899312
        24         17     0.038989362
        24         18     0.039925598
        24         19     0.040704874
        24         20     0.041324685
        24         21     0.041783171
        24         22     0.042079108
        24         23     0.042211909
        24         24     0.042181612
        24         25     0.041988873
        24         26     0.041634958
        24         27     0.041121722
        24         28     0.040451602
        24         29     0.039627597
        24         30     0.038653254
        24         31     0.037532643
        24         32     0.036270347
        24         33     0.034871431
        24         34     0.033341430
        24         35     0.031686321
        24         36     0.029912500
        24         37     0.028026761
        24         38     0.026036269
        24         39     0.023948537

        25          1     0.006858608
        25          2     0.009402487
        25          3     0.011907866
        25          4     0.014364534
        25          5     0.016762514
        25          6     0.019092116
        25          7     0.021343976
        25          8     0.023509101
        25          9     0.025578907
        25         10     0.027545257
        25         11     0.029400492
        25         12     0.031137462
        25         13     0.032749552
        25         14     0.034230703
        25         15     0.035575433
        25         16     0.036778854
        25         17     0.037836678
        25         18     0.038745235
        25         19     0.039501472
        25         20     0.040102959
        25         21     0.040547890
        25         22     0.040835078
        25         23     0.040963953
        25         24     0.040934551
        25         25     0.040747511
        25         26     0.040404059
        25         27     0.039905996
        25         28     0.039255687
        25         29     0.038456044
        25         30     0.037510506
        25         31     0.036423025
        25         32     0.035198047
        25         33     0.033840489
        25         34     0.032355722
        25         35     0.030749544
        25         36     0.029028164
        25         37     0.027198175
        25         38     0.025266531
        25         39     0.023240520

        26          1     0.006608091
        26          2     0.009059052
        26          3     0.011472920
        26          4     0.013839856
        26          5     0.016150248
        26          6     0.018394759
        26          7     0.020564368
        26          8     0.022650409
        26          9     0.024644614
        26         10     0.026539141
        26         11     0.028326612
        26         12     0.030000137
        26         13     0.031553344
        26         14     0.032980395
        26         15     0.034276008
        26         16     0.035435472
        26         17     0.036454658
        26         18     0.037330029
        26         19     0.038058644
        26         20     0.038638161
        26         21     0.039066841
        26         22     0.039343539
        26         23     0.039467706
        26         24     0.039439378
        26         25     0.039259170
        26         26     0.038928263
        26         27     0.038448392
        26         28     0.037821837
        26         29     0.037051401
        26         30     0.036140400
        26         31     0.035092640
        26         32     0.033912406
        26         33     0.032604434
        26         34     0.031173899
        26         35     0.029626388
        26         36     0.027967884
        26         37     0.026204737
        26         38     0.024343647
        26         39     0.022391638

        27          1     0.006317634
        27          2     0.008660863
        27          3     0.010968630
        27          4     0.013231527
        27          5     0.015440367
        27          6     0.017586221
        27          7     0.019660465
        27          8     0.021654814
        27          9     0.023561364
        27         10     0.025372617
        27         11     0.027081520
        27         12     0.028681486
        27         13     0.030166422
        27         14     0.031530747
        27         15     0.032769412
        27         16     0.033877912
        27         17     0.034852300
        27         18     0.035689194
        27         19     0.036385782
        27         20     0.036939827
        27         21     0.037349664
        27         22     0.037614200
        27         23     0.037732910
        27         24     0.037705827
        27         25     0.037533540
        27         26     0.037217177
        27         27     0.036758399
        27         28     0.036159384
        27         29     0.035422813
        27         30     0.034551854
        27         31     0.033550149
        27         32     0.032421791
        27         33     0.031171311
        27         34     0.029803655
        27         35     0.028324165
        27         36     0.026738560
        27         37     0.025052912
        27         38     0.023273626
        27         39     0.021407417

        28          1     0.005989093
        28          2     0.008210465
        28          3     0.010398220
        28          4     0.012543438
        28          5     0.014637409
        28          6     0.016671670
        28          7     0.018638046
        28          8     0.020528682
        28          9     0.022336083
        28         10     0.024053145
        28         11     0.025673178
        28         12     0.027189940
        28         13     0.028597654
        28         14     0.029891028
        28         15     0.031065277
        28         16     0.032116131
        28         17     0.033039847
        28         18     0.033833220
        28         19     0.034493583
        28         20     0.035018816
        28         21     0.035407339
        28         22     0.035658119
        28         23     0.035770655
        28         24     0.035744980
        28         25     0.035581653
        28         26     0.035281742
        28         27     0.034846822
        28         28     0.034278958
        28         29     0.033580691
        28         30     0.032755026
        28         31     0.031805413
        28         32     0.030735734
        28         33     0.029550284
        28         34     0.028253751
        28         35     0.026851200
        28         36     0.025348053
        28         37     0.023750065
        28         38     0.022063309
        28         39     0.020294150

        29          1     0.005624539
        29          2     0.007710698
        29          3     0.009765284
        29          4     0.011779923
        29          5     0.013746436
        29          6     0.015656872
        29          7     0.017503555
        29          8     0.019279109
        29          9     0.020976495
        29         10     0.022589039
        29         11     0.024110462
        29         12     0.025534899
        29         13     0.026856925
        29         14     0.028071573
        29         15     0.029174346
        29         16     0.030161235
        29         17     0.031028725
        29         18     0.031773805
        29         19     0.032393972
        29         20     0.032887234
        29         21     0.033252108
        29         22     0.033487622
        29         23     0.033593308
        29         24     0.033569197
        29         25     0.033415811
        29         26     0.033134156
        29         27     0.032725710
        29         28     0.032192411
        29         29     0.031536647
        29         30     0.030761240
        29         31     0.029869430
        29         32     0.028864862
        29         33     0.027751570
        29         34     0.026533956
        29         35     0.025216778
        29         36     0.023805126
        29         37     0.022304407
        29         38     0.020720323
        29         39     0.019058853

        30          1     0.005226243
        30          2     0.007164673
        30          3     0.009073766
        30          4     0.010945741
        30          5     0.012772996
        30          6     0.014548148
        30          7     0.016264059
        30          8     0.017913879
        30          9     0.019491066
        30         10     0.020989420
        30         11     0.022403105
        30         12     0.023726672
        30         13     0.024955081
        30         14     0.026083714
        30         15     0.027108396
        30         16     0.028025399
        30         17     0.028831458
        30         18     0.029523776
        30         19     0.030100027
        30         20     0.030558359
        30         21     0.030897395
        30         22     0.031116232
        30         23     0.031214434
        30         24     0.031192030
        30         25     0.031049506
        30         26     0.030787796
        30         27     0.030408273
        30         28     0.029912740
        30         29     0.029303413
        30         30     0.028582915
        30         31     0.027754258
        30         32     0.026820827
        30         33     0.025786371
        30         34     0.024654982
        30         35     0.023431078
        30         36     0.022119391
        30         37     0.020724944
        30         38     0.019253035
        30         39     0.017709220

        31          1     0.004796662
        31          2     0.006575759
        31          3     0.008327930
        31          4     0.010046035
        31          5     0.011723096
        31          6     0.013352335
        31          7     0.014927204
        31          8     0.016441414
        31          9     0.017888961
        31         10     0.019264155
        31         11     0.020561639
        31         12     0.021776413
        31         13     0.022903850
        31         14     0.023939714
        31         15     0.024880170
        31         16     0.025721798
        31         17     0.026461602
        31         18     0.027097013
        31         19     0.027625898
        31         20     0.028046557
        31         21     0.028357725
        31         22     0.028558574
        31         23     0.028648704
        31         24     0.028628142
        31         25     0.028497332
        31         26     0.028257134
        31         27     0.027908807
        31         28     0.027454005
        31         29     0.026894763
        31         30     0.026233488
        31         31     0.025472944
        31         32     0.024616238
        31         33     0.023666812
        31         34     0.022628419
        31         35     0.021505116
        31         36     0.020301246
        31         37     0.019021418
        31         38     0.017670496
        31         39     0.016253577

        32          1     0.004338424
        32          2     0.005947559
        32          3     0.007532340
        32          4     0.009086309
        32          5     0.010603156
        32          6     0.012076750
        32          7     0.013501167
        32          8     0.014870720
        32          9     0.016179980
        32         10     0.017423797
        32         11     0.018597329
        32         12     0.019696053
        32         13     0.020715783
        32         14     0.021652687
        32         15     0.022503299
        32         16     0.023264524
        32         17     0.023933652
        32         18     0.024508361
        32         19     0.024986720
        32         20     0.025367192
        32         21     0.025648634
        32         22     0.025830295
        32         23     0.025911814
        32         24     0.025893216
        32         25     0.025774904
        32         26     0.025557652
        32         27     0.025242602
        32         28     0.024831248
        32         29     0.024325432
        32         30     0.023727331
        32         31     0.023039443
        32         32     0.022264581
        32         33     0.021405856
        32         34     0.020466664
        32         35     0.019450673
        32         36     0.018361812
        32         37     0.017204249
        32         38     0.015982384
        32         39     0.014700828

        33          1     0.003854312
        33          2     0.005283888
        33          3     0.006691828
        33          4     0.008072395
        33          5     0.009419981
        33          6     0.010729140
        33          7     0.011994611
        33          8     0.013211340
        33          9     0.014374503
        33         10     0.015479526
        33         11     0.016522107
        33         12     0.017498227
        33         13     0.018404168
        33         14     0.019236527
        33         15     0.019992221
        33         16     0.020668503
        33         17     0.021262965
        33         18     0.021773544
        33         19     0.022198524
        33         20     0.022536540
        33         21     0.022786577
        33         22     0.022947967
        33         23     0.023020390
        33         24     0.023003867
        33         25     0.022898757
        33         26     0.022705748
        33         27     0.022425853
        33         28     0.022060401
        33         29     0.021611028
        33         30     0.021079667
        33         31     0.020468538
        33         32     0.019780141
        33         33     0.019017238
        33         34     0.018182848
        33         35     0.017280229
        33         36     0.016312870
        33         37     0.015284477
        33         38     0.014198956
        33         39     0.013060405

        34          1     0.003347249
        34          2     0.004588754
        34          3     0.005811470
        34          4     0.007010412
        34          5     0.008180714
        34          6     0.009317644
        34          7     0.010416633
        34          8     0.011473292
        34          9     0.012483432
        34         10     0.013443082
        34         11     0.014348504
        34         12     0.015196208
        34         13     0.015982966
        34         14     0.016705822
        34         15     0.017362099
        34         16     0.017949411
        34         17     0.018465668
        34         18     0.018909076
        34         19     0.019278147
        34         20     0.019571695
        34         21     0.019788837
        34         22     0.019928995
        34         23     0.019991891
        34         24     0.019977541
        34         25     0.019886259
        34         26     0.019718642
        34         27     0.019475569
        34         28     0.019158195
        34         29     0.018767940
        34         30     0.018306483
        34         31     0.017775753
        34         32     0.017177920
        34         33     0.016515382
        34         34     0.015790762
        34         35     0.015006889
        34         36     0.014166794
        34         37     0.013273693
        34         38     0.012330980
        34         39     0.011342214

        35          1     0.002820282
        35          2     0.003866334
        35          3     0.004896554
        35          4     0.005906744
        35          5     0.006892801
        35          6     0.007850741
        35          7     0.008776714
        35          8     0.009667020
        35          9     0.010518131
        35         10     0.011326701
        35         11     0.012089579
        35         12     0.012803827
        35         13     0.013466724
        35         14     0.014075778
        35         15     0.014628735
        35         16     0.015123586
        35         17     0.015558566
        35         18     0.015932168
        35         19     0.016243135
        35         20     0.016490469
        35         21     0.016673426
        35         22     0.016791518
        35         23     0.016844512
        35         24     0.016832422
        35         25     0.016755510
        35         26     0.016614281
        35         27     0.016409476
        35         28     0.016142067
        35         29     0.015813251
        35         30     0.015424443
        35         31     0.014977267
        35         32     0.014473552
        35         33     0.013915320
        35         34     0.013304779
        35         35     0.012644313
        35         36     0.011936476
        35         37     0.011183979
        35         38     0.010389680
        35         39     0.009556578

        36          1     0.002276565
        36          2     0.003120950
        36          3     0.003952555
        36          4     0.004767992
        36          5     0.005563949
        36          6     0.006337210
        36          7     0.007084665
        36          8     0.007803331
        36          9     0.008490358
        36         10     0.009143044
        36         11     0.009758849
        36         12     0.010335398
        36         13     0.010870496
        36         14     0.011362132
        36         15     0.011808485
        36         16     0.012207934
        36         17     0.012559056
        36         18     0.012860631
        36         19     0.013111647
        36         20     0.013311298
        36         21     0.013458983
        36         22     0.013554309
        36         23     0.013597086
        36         24     0.013587326
        36         25     0.013525243
        36         26     0.013411241
        36         27     0.013245920
        36         28     0.013030064
        36         29     0.012764640
        36         30     0.012450789
        36         31     0.012089824
        36         32     0.011683219
        36         33     0.011232608
        36         34     0.010739772
        36         35     0.010206636
        36         36     0.009635262
        36         37     0.009027838
        36         38     0.008386670
        36         39     0.007714181

        37          1     0.001719338
        37          2     0.002357046
        37          3     0.002985103
        37          4     0.003600948
        37          5     0.004202082
        37          6     0.004786074
        37          7     0.005350578
        37          8     0.005893338
        37          9     0.006412204
        37         10     0.006905135
        37         11     0.007370211
        37         12     0.007805641
        37         13     0.008209765
        37         14     0.008581064
        37         15     0.008918166
        37         16     0.009219843
        37         17     0.009485022
        37         18     0.009712782
        37         19     0.009902358
        37         20     0.010053141
        37         21     0.010164677
        37         22     0.010236671
        37         23     0.010268977
        37         24     0.010261607
        37         25     0.010214719
        37         26     0.010128621
        37         27     0.010003765
        37         28     0.009840743
        37         29     0.009640286
        37         30     0.009403256
        37         31     0.009130642
        37         32     0.008823561
        37         33     0.008483244
        37         34     0.008111037
        37         35     0.007708396
        37         36     0.007276875
        37         37     0.006818127
        37         38     0.006333896
        37         39     0.005826009

        38          1     0.001151917
        38          2     0.001579167
        38          3     0.001999951
        38          4     0.002412553
        38          5     0.002815299
        38          6     0.003206560
        38          7     0.003584765
        38          8     0.003948402
        38          9     0.004296030
        38         10     0.004626283
        38         11     0.004937873
        38         12     0.005229601
        38         13     0.005500355
        38         14     0.005749117
        38         15     0.005974967
        38         16     0.006177084
        38         17     0.006354748
        38         18     0.006507342
        38         19     0.006634353
        38         20     0.006735374
        38         21     0.006810101
        38         22     0.006858335
        38         23     0.006879980
        38         24     0.006875042
        38         25     0.006843628
        38         26     0.006785944
        38         27     0.006702294
        38         28     0.006593073
        38         29     0.006458771
        38         30     0.006299966
        38         31     0.006117322
        38         32     0.005911584
        38         33     0.005683579
        38         34     0.005434210
        38         35     0.005164449
        38         36     0.004875340
        38         37     0.004567989
        38         38     0.004243565
        38         39     0.003903293

        39          1     0.000577670
        39          2     0.000791929
        39          3     0.001002946
        39          4     0.001209860
        39          5     0.001411832
        39          6     0.001608043
        39          7     0.001797708
        39          8     0.001980066
        39          9     0.002154397
        39         10     0.002320014
        39         11     0.002476272
        39         12     0.002622569
        39         13     0.002758348
        39         14     0.002883099
        39         15     0.002996359
        39         16     0.003097718
        39         17     0.003186814
        39         18     0.003263337
        39         19     0.003327032
        39         20     0.003377692
        39         21     0.003415167
        39         22     0.003439356
        39         23     0.003450210
        39         24     0.003447734
        39         25     0.003431980
        39         26     0.003403053
        39         27     0.003361103
        39         28     0.003306330
        39         29     0.003238980
        39         30     0.003159342
        39         31     0.003067748
        39         32     0.002964574
        39         33     0.002850233
        39         34     0.002725177
        39         35     0.002589896
        39         36     0.002444912
        39         37     0.002290780
        39         38     0.002128086
        39         39     0.001957445

