0.000 0.000 -10.00000000001 
0.000 0.100  10.00000000001 
0.000 0.200  10.00000000001 
0.000 0.300  10.00000000001 
0.000 0.400  10.00000000001 
0.000 0.500  10.00000000001 
0.000 0.600  10.00000000001 
0.000 0.700  10.00000000001 
0.000 0.800  10.00000000001 
0.000 0.900  10.00000000001 
0.000 1.000  10.00000000001 
0.000 1.100  10.00000000001 
0.000 1.200  10.00000000001 
0.000 1.300  10.00000000001 
0.000 1.400  10.00000000001 
0.000 1.500  10.00000000001 
0.000 1.600  10.00000000001 
0.000 1.700  10.00000000001 
0.000 1.800  10.00000000001 
0.000 1.900  10.00000000001 
0.000 2.000  10.00000000001 
0.000 2.100  10.00000000001 
0.000 2.200  10.00000000001 
0.000 2.300  10.00000000001 
0.000 2.400  10.00000000001 
0.000 2.500  10.00000000001 
0.000 2.600  10.00000000001 
0.000 2.700  10.00000000001 
0.000 2.800  10.00000000001 
0.000 2.900  10.00000000001 
0.000 3.000  10.00000000001 
0.000 3.100  10.00000000001 
0.000 3.200  10.00000000001 
0.000 3.300  10.00000000001 
0.000 3.400  10.00000000001 
0.000 3.500  10.00000000001 
0.000 3.600  10.00000000001 
0.000 3.700  10.00000000001 
0.000 3.800  10.00000000001 
0.000 3.900  10.00000000001 
0.000 4.000  10.00000000001 
0.000 4.100  10.00000000001 
0.000 4.200  10.00000000001 
0.000 4.300  10.00000000001 
0.000 4.400  10.00000000001 
0.000 4.500  10.00000000001 
0.000 4.600  10.00000000001 
0.000 4.700  10.00000000001 
0.000 4.800  10.00000000001 
0.000 4.900  10.00000000001 
0.000 5.000 -10.00000000001 

0.100 0.000 -10.00000000001 
0.100 0.100  -0.00000000000 
0.100 0.200   3.95299666705 
0.100 0.300   5.81198666837 
0.100 0.400   6.82951563290 
0.100 0.500   7.45632503735 
0.100 0.600   7.87737940088 
0.100 0.700   8.17848986479 
0.100 0.800   8.40390764163 
0.100 0.900   8.57851470158 
0.100 1.000   8.71730389187 
0.100 1.100   8.82982115037 
0.100 1.200   8.92241913453 
0.100 1.300   8.99947955847 
0.100 1.400   9.06411426783 
0.100 1.500   9.11858660980 
0.100 1.600   9.16457486821 
0.100 1.700   9.20334253029 
0.100 1.800   9.23585146552 
0.100 1.900   9.26283892714 
0.100 2.000   9.28487091835 
0.100 2.100   9.30237967115 
0.100 2.200   9.31569013530 
0.100 2.300   9.32503863035 
0.100 2.400   9.33058570927 
0.100 2.500   9.33242455261 
0.100 2.600   9.33058570945 
0.100 2.700   9.32503863066 
0.100 2.800   9.31569013577 
0.100 2.900   9.30237967173 
0.100 3.000   9.28487091893 
0.100 3.100   9.26283892775 
0.100 3.200   9.23585146617 
0.100 3.300   9.20334253090 
0.100 3.400   9.16457486890 
0.100 3.500   9.11858661052 
0.100 3.600   9.06411426840 
0.100 3.700   8.99947955898 
0.100 3.800   8.92241913493 
0.100 3.900   8.82982115058 
0.100 4.000   8.71730389188 
0.100 4.100   8.57851470142 
0.100 4.200   8.40390764138 
0.100 4.300   8.17848986448 
0.100 4.400   7.87737940067 
0.100 4.500   7.45632503719 
0.100 4.600   6.82951563274 
0.100 4.700   5.81198666827 
0.100 4.800   3.95299666703 
0.100 4.900  -0.00000000003 
0.100 5.000 -10.00000000001 

0.200 0.000 -10.00000000001 
0.200 0.100  -3.95299666705 
0.200 0.200  -0.00000000000 
0.200 0.300   2.46543437351 
0.200 0.400   4.04975082578 
0.200 0.500   5.11840511575 
0.200 0.600   5.87470270159 
0.200 0.700   6.43267241671 
0.200 0.800   6.85862600053 
0.200 0.900   7.19284727297 
0.200 1.000   7.46087971551 
0.200 1.100   7.67956157506 
0.200 1.200   7.86037582941 
0.200 1.300   8.01138483162 
0.200 1.400   8.13839090303 
0.200 1.500   8.24565730341 
0.200 1.600   8.33637033269 
0.200 1.700   8.41294378729 
0.200 1.800   8.47722440485 
0.200 1.900   8.53063332464 
0.200 2.000   8.57426507494 
0.200 2.100   8.60895763103 
0.200 2.200   8.63534223975 
0.200 2.300   8.65387867677 
0.200 2.400   8.66487965415 
0.200 2.500   8.66852679174 
0.200 2.600   8.66487965446 
0.200 2.700   8.65387867742 
0.200 2.800   8.63534224072 
0.200 2.900   8.60895763213 
0.200 3.000   8.57426507604 
0.200 3.100   8.53063332582 
0.200 3.200   8.47722440606 
0.200 3.300   8.41294378848 
0.200 3.400   8.33637033400 
0.200 3.500   8.24565730462 
0.200 3.600   8.13839090409 
0.200 3.700   8.01138483270 
0.200 3.800   7.86037583020 
0.200 3.900   7.67956157552 
0.200 4.000   7.46087971560 
0.200 4.100   7.19284727262 
0.200 4.200   6.85862599997 
0.200 4.300   6.43267241618 
0.200 4.400   5.87470270119 
0.200 4.500   5.11840511537 
0.200 4.600   4.04975082546 
0.200 4.700   2.46543437323 
0.200 4.800  -0.00000000021 
0.200 4.900  -3.95299666720 
0.200 5.000 -10.00000000001 

0.300 0.000 -10.00000000001 
0.300 0.100  -5.81198666837 
0.300 0.200  -2.46543437351 
0.300 0.300  -0.00000000000 
0.300 0.400   1.78564818089 
0.300 0.500   3.09284189807 
0.300 0.600   4.07035387298 
0.300 0.700   4.81887109976 
0.300 0.800   5.40507667067 
0.300 0.900   5.87336867439 
0.300 1.000   6.25380612254 
0.300 1.100   6.56716960511 
0.300 1.200   6.82813777659 
0.300 1.300   7.04729303607 
0.300 1.400   7.23240720916 
0.300 1.500   7.38928136826 
0.300 1.600   7.52230537214 
0.300 1.700   7.63483788114 
0.300 1.800   7.72946904202 
0.300 1.900   7.80820489173 
0.300 2.000   7.87259842562 
0.300 2.100   7.92384353837 
0.300 2.200   7.96284251609 
0.300 2.300   7.99025418284 
0.300 2.400   8.00652743878 
0.300 2.500   8.01192330583 
0.300 2.600   8.00652743933 
0.300 2.700   7.99025418384 
0.300 2.800   7.96284251741 
0.300 2.900   7.92384353988 
0.300 3.000   7.87259842723 
0.300 3.100   7.80820489345 
0.300 3.200   7.72946904373 
0.300 3.300   7.63483788280 
0.300 3.400   7.52230537384 
0.300 3.500   7.38928136986 
0.300 3.600   7.23240721072 
0.300 3.700   7.04729303757 
0.300 3.800   6.82813777765 
0.300 3.900   6.56716960581 
0.300 4.000   6.25380612269 
0.300 4.100   5.87336867405 
0.300 4.200   5.40507667021 
0.300 4.300   4.81887109938 
0.300 4.400   4.07035387264 
0.300 4.500   3.09284189762 
0.300 4.600   1.78564818040 
0.300 4.700  -0.00000000062 
0.300 4.800  -2.46543437404 
0.300 4.900  -5.81198666866 
0.300 5.000 -10.00000000001 

0.400 0.000 -10.00000000001 
0.400 0.100  -6.82951563290 
0.400 0.200  -4.04975082578 
0.400 0.300  -1.78564818089 
0.400 0.400  -0.00000000000 
0.400 0.500   1.39696042274 
0.400 0.600   2.49499979291 
0.400 0.700   3.36738143900 
0.400 0.800   4.06944090804 
0.400 0.900   4.64174463130 
0.400 1.000   5.11380649547 
0.400 1.100   5.50717294670 
0.400 1.200   5.83771263572 
0.400 1.300   6.11724232739 
0.400 1.400   6.35466352947 
0.400 1.500   6.55675558834 
0.400 1.600   6.72873190669 
0.400 1.700   6.87463332300 
0.400 1.800   6.99760899031 
0.400 1.900   7.10011877476 
0.400 2.000   7.18408019749 
0.400 2.100   7.25097558082 
0.400 2.200   7.30193010344 
0.400 2.300   7.33776809979 
0.400 2.400   7.35905261247 
0.400 2.500   7.36611155364 
0.400 2.600   7.35905261316 
0.400 2.700   7.33776810105 
0.400 2.800   7.30193010513 
0.400 2.900   7.25097558274 
0.400 3.000   7.18408019951 
0.400 3.100   7.10011877687 
0.400 3.200   6.99760899239 
0.400 3.300   6.87463332499 
0.400 3.400   6.72873190870 
0.400 3.500   6.55675559030 
0.400 3.600   6.35466353139 
0.400 3.700   6.11724232915 
0.400 3.800   5.83771263702 
0.400 3.900   5.50717294753 
0.400 4.000   5.11380649567 
0.400 4.100   4.64174463119 
0.400 4.200   4.06944090774 
0.400 4.300   3.36738143849 
0.400 4.400   2.49499979231 
0.400 4.500   1.39696042192 
0.400 4.600  -0.00000000095 
0.400 4.700  -1.78564818199 
0.400 4.800  -4.04975082663 
0.400 4.900  -6.82951563338 
0.400 5.000 -10.00000000001 

0.500 0.000 -10.00000000001 
0.500 0.100  -7.45632503735 
0.500 0.200  -5.11840511575 
0.500 0.300  -3.09284189807 
0.500 0.400  -1.39696042274 
0.500 0.500  -0.00000000000 
0.500 0.600   1.14530343687 
0.500 0.700   2.08621395503 
0.500 0.800   2.86356089160 
0.500 0.900   3.51036244761 
0.500 1.000   4.05250228129 
0.500 1.100   4.51000305093 
0.500 1.200   4.89829749234 
0.500 1.300   5.22930010863 
0.500 1.400   5.51224899319 
0.500 1.500   5.75434554896 
0.500 1.600   5.96123334327 
0.500 1.700   6.13735451377 
0.500 1.800   6.28621482159 
0.500 1.900   6.41058101961 
0.500 2.000   6.51262800863 
0.500 2.100   6.59404848402 
0.500 2.200   6.65613421729 
0.500 2.300   6.69983550061 
0.500 2.400   6.72580335778 
0.500 2.500   6.73441768311 
0.500 2.600   6.72580335851 
0.500 2.700   6.69983550202 
0.500 2.800   6.65613421930 
0.500 2.900   6.59404848635 
0.500 3.000   6.51262801101 
0.500 3.100   6.41058102195 
0.500 3.200   6.28621482383 
0.500 3.300   6.13735451597 
0.500 3.400   5.96123334557 
0.500 3.500   5.75434555118 
0.500 3.600   5.51224899524 
0.500 3.700   5.22930011053 
0.500 3.800   4.89829749383 
0.500 3.900   4.51000305189 
0.500 4.000   4.05250228163 
0.500 4.100   3.51036244761 
0.500 4.200   2.86356089118 
0.500 4.300   2.08621395435 
0.500 4.400   1.14530343600 
0.500 4.500  -0.00000000135 
0.500 4.600  -1.39696042424 
0.500 4.700  -3.09284189959 
0.500 4.800  -5.11840511689 
0.500 4.900  -7.45632503802 
0.500 5.000 -10.00000000001 

0.600 0.000 -10.00000000001 
0.600 0.100  -7.87737940088 
0.600 0.200  -5.87470270159 
0.600 0.300  -4.07035387298 
0.600 0.400  -2.49499979291 
0.600 0.500  -1.14530343687 
0.600 0.600  -0.00000000000 
0.600 0.700   0.96861005256 
0.600 0.800   1.78822625568 
0.600 0.900   2.48364198654 
0.600 1.000   3.07583713114 
0.600 1.100   3.58203948375 
0.600 1.200   4.01617417443 
0.600 1.300   4.38941162193 
0.600 1.400   4.71068678562 
0.600 1.500   4.98714427107 
0.600 1.600   5.22450140386 
0.600 1.700   5.42733656718 
0.600 1.800   5.59931476273 
0.600 1.900   5.74336247350 
0.600 2.000   5.86180233340 
0.600 2.100   5.95645612961 
0.600 2.200   6.02872278141 
0.600 2.300   6.07963632769 
0.600 2.400   6.10990763498 
0.600 2.500   6.11995246252 
0.600 2.600   6.10990763576 
0.600 2.700   6.07963632921 
0.600 2.800   6.02872278358 
0.600 2.900   5.95645613215 
0.600 3.000   5.86180233599 
0.600 3.100   5.74336247602 
0.600 3.200   5.59931476509 
0.600 3.300   5.42733656949 
0.600 3.400   5.22450140629 
0.600 3.500   4.98714427339 
0.600 3.600   4.71068678768 
0.600 3.700   4.38941162378 
0.600 3.800   4.01617417589 
0.600 3.900   3.58203948479 
0.600 4.000   3.07583713164 
0.600 4.100   2.48364198653 
0.600 4.200   1.78822625509 
0.600 4.300   0.96861005164 
0.600 4.400  -0.00000000141 
0.600 4.500  -1.14530343876 
0.600 4.600  -2.49499979482 
0.600 4.700  -4.07035387484 
0.600 4.800  -5.87470270290 
0.600 4.900  -7.87737940158 
0.600 5.000 -10.00000000001 

0.700 0.000 -10.00000000001 
0.700 0.100  -8.17848986479 
0.700 0.200  -6.43267241671 
0.700 0.300  -4.81887109976 
0.700 0.400  -3.36738143900 
0.700 0.500  -2.08621395503 
0.700 0.600  -0.96861005256 
0.700 0.700  -0.00000000000 
0.700 0.800   0.83709209188 
0.700 0.900   1.56014211184 
0.700 1.000   2.18516477329 
0.700 1.100   2.72614357890 
0.700 1.200   3.19494809981 
0.700 1.300   3.60148541932 
0.700 1.400   3.95394225638 
0.700 1.500   4.25904334602 
0.700 1.600   4.52229143415 
0.700 1.700   4.74817558824 
0.700 1.800   4.94034518867 
0.700 1.900   5.10175177845 
0.700 2.000   5.23476272204 
0.700 2.100   5.34125091991 
0.700 2.200   5.42266445130 
0.700 2.300   5.48007939378 
0.700 2.400   5.51423839196 
0.700 2.500   5.52557689628 
0.700 2.600   5.51423839281 
0.700 2.700   5.48007939537 
0.700 2.800   5.42266445344 
0.700 2.900   5.34125092234 
0.700 3.000   5.23476272456 
0.700 3.100   5.10175178100 
0.700 3.200   4.94034519115 
0.700 3.300   4.74817559063 
0.700 3.400   4.52229143657 
0.700 3.500   4.25904334828 
0.700 3.600   3.95394225838 
0.700 3.700   3.60148542108 
0.700 3.800   3.19494810120 
0.700 3.900   2.72614357992 
0.700 4.000   2.18516477373 
0.700 4.100   1.56014211170 
0.700 4.200   0.83709209106 
0.700 4.300  -0.00000000145 
0.700 4.400  -0.96861005451 
0.700 4.500  -2.08621395715 
0.700 4.600  -3.36738144098 
0.700 4.700  -4.81887110152 
0.700 4.800  -6.43267241783 
0.700 4.900  -8.17848986533 
0.700 5.000 -10.00000000001 

0.800 0.000 -10.00000000001 
0.800 0.100  -8.40390764163 
0.800 0.200  -6.85862600053 
0.800 0.300  -5.40507667067 
0.800 0.400  -4.06944090804 
0.800 0.500  -2.86356089160 
0.800 0.600  -1.78822625568 
0.800 0.700  -0.83709209188 
0.800 0.800  -0.00000000000 
0.800 0.900   0.73466959578 
0.800 1.000   1.37853627141 
0.800 1.100   1.94242195899 
0.800 1.200   2.43598922662 
0.800 1.300   2.86763969945 
0.800 1.400   3.24455347468 
0.800 1.500   3.57279542254 
0.800 1.600   3.85744539851 
0.800 1.700   4.10272916281 
0.800 1.800   4.31213862539 
0.800 1.900   4.48853672983 
0.800 2.000   4.63424585650 
0.800 2.100   4.75112037677 
0.800 2.200   4.84060471017 
0.800 2.300   4.90377840413 
0.800 2.400   4.94138964274 
0.800 2.500   4.95387833775 
0.800 2.600   4.94138964358 
0.800 2.700   4.90377840564 
0.800 2.800   4.84060471212 
0.800 2.900   4.75112037891 
0.800 3.000   4.63424585869 
0.800 3.100   4.48853673213 
0.800 3.200   4.31213862772 
0.800 3.300   4.10272916506 
0.800 3.400   3.85744540071 
0.800 3.500   3.57279542453 
0.800 3.600   3.24455347645 
0.800 3.700   2.86763970103 
0.800 3.800   2.43598922788 
0.800 3.900   1.94242195992 
0.800 4.000   1.37853627169 
0.800 4.100   0.73466959540 
0.800 4.200  -0.00000000104 
0.800 4.300  -0.83709209359 
0.800 4.400  -1.78822625776 
0.800 4.500  -2.86356089381 
0.800 4.600  -4.06944091009 
0.800 4.700  -5.40507667217 
0.800 4.800  -6.85862600143 
0.800 4.900  -8.40390764211 
0.800 5.000 -10.00000000001 

0.900 0.000 -10.00000000001 
0.900 0.100  -8.57851470158 
0.900 0.200  -7.19284727297 
0.900 0.300  -5.87336867439 
0.900 0.400  -4.64174463130 
0.900 0.500  -3.51036244761 
0.900 0.600  -2.48364198654 
0.900 0.700  -1.56014211184 
0.900 0.800  -0.73466959578 
0.900 0.900  -0.00000000000 
0.900 1.000   0.65188875768 
0.900 1.100   1.22901875931 
0.900 1.200   1.73894714843 
0.900 1.300   2.18853067757 
0.900 1.400   2.58383652045 
0.900 1.500   2.93013947098 
0.900 1.600   3.23196557470 
0.900 1.700   3.49315703911 
0.900 1.800   3.71694342052 
0.900 1.900   3.90601065924 
0.900 2.000   4.06256359738 
0.900 2.100   4.18838002058 
0.900 2.200   4.28485560858 
0.900 2.300   4.35303986987 
0.900 2.400   4.39366343708 
0.900 2.500   4.40715716819 
0.900 2.600   4.39366343772 
0.900 2.700   4.35303987107 
0.900 2.800   4.28485561016 
0.900 2.900   4.18838002234 
0.900 3.000   4.06256359919 
0.900 3.100   3.90601066114 
0.900 3.200   3.71694342246 
0.900 3.300   3.49315704098 
0.900 3.400   3.23196557644 
0.900 3.500   2.93013947247 
0.900 3.600   2.58383652176 
0.900 3.700   2.18853067872 
0.900 3.800   1.73894714926 
0.900 3.900   1.22901875986 
0.900 4.000   0.65188875756 
0.900 4.100  -0.00000000086 
0.900 4.200  -0.73466959727 
0.900 4.300  -1.56014211382 
0.900 4.400  -2.48364198876 
0.900 4.500  -3.51036244983 
0.900 4.600  -4.64174463322 
0.900 4.700  -5.87336867574 
0.900 4.800  -7.19284727390 
0.900 4.900  -8.57851470207 
0.900 5.000 -10.00000000001 

1.000 0.000 -10.00000000001 
1.000 0.100  -8.71730389187 
1.000 0.200  -7.46087971551 
1.000 0.300  -6.25380612254 
1.000 0.400  -5.11380649547 
1.000 0.500  -4.05250228129 
1.000 0.600  -3.07583713114 
1.000 0.700  -2.18516477329 
1.000 0.800  -1.37853627141 
1.000 0.900  -0.65188875768 
1.000 1.000  -0.00000000000 
1.000 1.100   0.58281717235 
1.000 1.200   1.10224993029 
1.000 1.300   1.56369934215 
1.000 1.400   1.97212245850 
1.000 1.500   2.33196036617 
1.000 1.600   2.64712039031 
1.000 1.700   2.92098999841 
1.000 1.800   3.15646735846 
1.000 1.900   3.35599888932 
1.000 2.000   3.52161785309 
1.000 2.100   3.65498049957 
1.000 2.200   3.75739783372 
1.000 2.300   3.82986202961 
1.000 2.400   3.87306706728 
1.000 2.500   3.88742345991 
1.000 2.600   3.87306706764 
1.000 2.700   3.82986203030 
1.000 2.800   3.75739783475 
1.000 2.900   3.65498050082 
1.000 3.000   3.52161785443 
1.000 3.100   3.35599889075 
1.000 3.200   3.15646735989 
1.000 3.300   2.92098999974 
1.000 3.400   2.64712039151 
1.000 3.500   2.33196036710 
1.000 3.600   1.97212245925 
1.000 3.700   1.56369934278 
1.000 3.800   1.10224993056 
1.000 3.900   0.58281717233 
1.000 4.000  -0.00000000059 
1.000 4.100  -0.65188875895 
1.000 4.200  -1.37853627327 
1.000 4.300  -2.18516477553 
1.000 4.400  -3.07583713353 
1.000 4.500  -4.05250228348 
1.000 4.600  -5.11380649737 
1.000 4.700  -6.25380612412 
1.000 4.800  -7.46087971673 
1.000 4.900  -8.71730389252 
1.000 5.000 -10.00000000001 

1.100 0.000 -10.00000000001 
1.100 0.100  -8.82982115037 
1.100 0.200  -7.67956157506 
1.100 0.300  -6.56716960511 
1.100 0.400  -5.50717294670 
1.100 0.500  -4.51000305093 
1.100 0.600  -3.58203948375 
1.100 0.700  -2.72614357890 
1.100 0.800  -1.94242195899 
1.100 0.900  -1.22901875931 
1.100 1.000  -0.58281717235 
1.100 1.100  -0.00000000000 
1.100 1.200   0.52353605823 
1.100 1.300   0.99189430244 
1.100 1.400   1.40899360517 
1.100 1.500   1.77845914494 
1.100 1.600   2.10356562217 
1.100 1.700   2.38721520578 
1.100 1.800   2.63193712574 
1.100 1.900   2.83989968659 
1.100 2.000   3.01292842606 
1.100 2.100   3.15252629101 
1.100 2.200   3.25989319725 
1.100 2.300   3.33594334744 
1.100 2.400   3.38131934234 
1.100 2.500   3.39640253632 
1.100 2.600   3.38131934248 
1.100 2.700   3.33594334774 
1.100 2.800   3.25989319776 
1.100 2.900   3.15252629169 
1.100 3.000   3.01292842686 
1.100 3.100   2.83989968748 
1.100 3.200   2.63193712658 
1.100 3.300   2.38721520649 
1.100 3.400   2.10356562280 
1.100 3.500   1.77845914530 
1.100 3.600   1.40899360533 
1.100 3.700   0.99189430252 
1.100 3.800   0.52353605795 
1.100 3.900  -0.00000000066 
1.100 4.000  -0.58281717345 
1.100 4.100  -1.22901876096 
1.100 4.200  -1.94242196107 
1.100 4.300  -2.72614358123 
1.100 4.400  -3.58203948623 
1.100 4.500  -4.51000305333 
1.100 4.600  -5.50717294895 
1.100 4.700  -6.56716960707 
1.100 4.800  -7.67956157655 
1.100 4.900  -8.82982115118 
1.100 5.000 -10.00000000001 

1.200 0.000 -10.00000000001 
1.200 0.100  -8.92241913453 
1.200 0.200  -7.86037582941 
1.200 0.300  -6.82813777659 
1.200 0.400  -5.83771263572 
1.200 0.500  -4.89829749234 
1.200 0.600  -4.01617417443 
1.200 0.700  -3.19494809981 
1.200 0.800  -2.43598922662 
1.200 0.900  -1.73894714843 
1.200 1.000  -1.10224993029 
1.200 1.100  -0.52353605823 
1.200 1.200  -0.00000000000 
1.200 1.300   0.47134820422 
1.200 1.400   0.89349851463 
1.200 1.500   1.26931698614 
1.200 1.600   1.60146774774 
1.200 1.700   1.89236807667 
1.200 1.800   2.14416625210 
1.200 1.900   2.35873430526 
1.200 2.000   2.53766987347 
1.200 2.100   2.68230304119 
1.200 2.200   2.79370531683 
1.200 2.300   2.87269882032 
1.200 2.400   2.91986441796 
1.200 2.500   2.93554800026 
1.200 2.600   2.91986441796 
1.200 2.700   2.87269882038 
1.200 2.800   2.79370531700 
1.200 2.900   2.68230304143 
1.200 3.000   2.53766987379 
1.200 3.100   2.35873430571 
1.200 3.200   2.14416625250 
1.200 3.300   1.89236807693 
1.200 3.400   1.60146774800 
1.200 3.500   1.26931698622 
1.200 3.600   0.89349851449 
1.200 3.700   0.47134820406 
1.200 3.800  -0.00000000037 
1.200 3.900  -0.52353605899 
1.200 4.000  -1.10224993150 
1.200 4.100  -1.73894715010 
1.200 4.200  -2.43598922863 
1.200 4.300  -3.19494810198 
1.200 4.400  -4.01617417677 
1.200 4.500  -4.89829749476 
1.200 4.600  -5.83771263807 
1.200 4.700  -6.82813777865 
1.200 4.800  -7.86037583100 
1.200 4.900  -8.92241913535 
1.200 5.000 -10.00000000001 

1.300 0.000 -10.00000000001 
1.300 0.100  -8.99947955847 
1.300 0.200  -8.01138483162 
1.300 0.300  -7.04729303607 
1.300 0.400  -6.11724232739 
1.300 0.500  -5.22930010863 
1.300 0.600  -4.38941162193 
1.300 0.700  -3.60148541932 
1.300 0.800  -2.86763969945 
1.300 0.900  -2.18853067757 
1.300 1.000  -1.56369934215 
1.300 1.100  -0.99189430244 
1.300 1.200  -0.47134820422 
1.300 1.300   0.00000000000 
1.300 1.400   0.42433526305 
1.300 1.500   0.80384253739 
1.300 1.600   1.14062030625 
1.300 1.700   1.43662310112 
1.300 1.800   1.69362550097 
1.300 1.900   1.91320140910 
1.300 2.000   2.09671372148 
1.300 2.100   2.24531068368 
1.300 2.200   2.35992620873 
1.300 2.300   2.44128219905 
1.300 2.400   2.48989150893 
1.300 2.500   2.50606062889 
1.300 2.600   2.48989150870 
1.300 2.700   2.44128219877 
1.300 2.800   2.35992620851 
1.300 2.900   2.24531068344 
1.300 3.000   2.09671372125 
1.300 3.100   1.91320140901 
1.300 3.200   1.69362550088 
1.300 3.300   1.43662310090 
1.300 3.400   1.14062030609 
1.300 3.500   0.80384253719 
1.300 3.600   0.42433526268 
1.300 3.700  -0.00000000037 
1.300 3.800  -0.47134820466 
1.300 3.900  -0.99189430303 
1.300 4.000  -1.56369934309 
1.300 4.100  -2.18853067891 
1.300 4.200  -2.86763970119 
1.300 4.300  -3.60148542130 
1.300 4.400  -4.38941162414 
1.300 4.500  -5.22930011092 
1.300 4.600  -6.11724232969 
1.300 4.700  -7.04729303813 
1.300 4.800  -8.01138483310 
1.300 4.900  -8.99947955914 
1.300 5.000 -10.00000000001 

1.400 0.000 -10.00000000001 
1.400 0.100  -9.06411426783 
1.400 0.200  -8.13839090303 
1.400 0.300  -7.23240720916 
1.400 0.400  -6.35466352947 
1.400 0.500  -5.51224899319 
1.400 0.600  -4.71068678562 
1.400 0.700  -3.95394225638 
1.400 0.800  -3.24455347468 
1.400 0.900  -2.58383652045 
1.400 1.000  -1.97212245850 
1.400 1.100  -1.40899360517 
1.400 1.200  -0.89349851463 
1.400 1.300  -0.42433526305 
1.400 1.400   0.00000000000 
1.400 1.500   0.38109759403 
1.400 1.600   0.72054783882 
1.400 1.700   1.01987852046 
1.400 1.800   1.28051124156 
1.400 1.900   1.50373210869 
1.400 2.000   1.69067291949 
1.400 2.100   1.84229976315 
1.400 2.200   1.95940663516 
1.400 2.300   2.04261225790 
1.400 2.400   2.09235878966 
1.400 2.500   2.10891149776 
1.400 2.600   2.09235878918 
1.400 2.700   2.04261225725 
1.400 2.800   1.95940663454 
1.400 2.900   1.84229976247 
1.400 3.000   1.69067291872 
1.400 3.100   1.50373210804 
1.400 3.200   1.28051124101 
1.400 3.300   1.01987851988 
1.400 3.400   0.72054783835 
1.400 3.500   0.38109759364 
1.400 3.600  -0.00000000037 
1.400 3.700  -0.42433526337 
1.400 3.800  -0.89349851500 
1.400 3.900  -1.40899360551 
1.400 4.000  -1.97212245902 
1.400 4.100  -2.58383652125 
1.400 4.200  -3.24455347588 
1.400 4.300  -3.95394225793 
1.400 4.400  -4.71068678749 
1.400 4.500  -5.51224899509 
1.400 4.600  -6.35466353138 
1.400 4.700  -7.23240721078 
1.400 4.800  -8.13839090407 
1.400 4.900  -9.06411426834 
1.400 5.000 -10.00000000001 

1.500 0.000 -10.00000000001 
1.500 0.100  -9.11858660980 
1.500 0.200  -8.24565730341 
1.500 0.300  -7.38928136826 
1.500 0.400  -6.55675558834 
1.500 0.500  -5.75434554896 
1.500 0.600  -4.98714427107 
1.500 0.700  -4.25904334602 
1.500 0.800  -3.57279542254 
1.500 0.900  -2.93013947098 
1.500 1.000  -2.33196036617 
1.500 1.100  -1.77845914494 
1.500 1.200  -1.26931698614 
1.500 1.300  -0.80384253739 
1.500 1.400  -0.38109759403 
1.500 1.500   0.00000000000 
1.500 1.600   0.34059493476 
1.500 1.700   0.64183190034 
1.500 1.800   0.90480883627 
1.500 1.900   1.13054286472 
1.500 2.000   1.31994608452 
1.500 2.100   1.47380881425 
1.500 2.200   1.59278831075 
1.500 2.300   1.67740140739 
1.500 2.400   1.72801989381 
1.500 2.500   1.74486778340 
1.500 2.600   1.72801989326 
1.500 2.700   1.67740140652 
1.500 2.800   1.59278830976 
1.500 2.900   1.47380881309 
1.500 3.000   1.31994608318 
1.500 3.100   1.13054286339 
1.500 3.200   0.90480883508 
1.500 3.300   0.64183189929 
1.500 3.400   0.34059493387 
1.500 3.500  -0.00000000078 
1.500 3.600  -0.38109759459 
1.500 3.700  -0.80384253777 
1.500 3.800  -1.26931698649 
1.500 3.900  -1.77845914522 
1.500 4.000  -2.33196036657 
1.500 4.100  -2.93013947156 
1.500 4.200  -3.57279542342 
1.500 4.300  -4.25904334721 
1.500 4.400  -4.98714427262 
1.500 4.500  -5.75434555050 
1.500 4.600  -6.55675558977 
1.500 4.700  -7.38928136949 
1.500 4.800  -8.24565730435 
1.500 4.900  -9.11858661040 
1.500 5.000 -10.00000000001 

1.600 0.000 -10.00000000001 
1.600 0.100  -9.16457486821 
1.600 0.200  -8.33637033269 
1.600 0.300  -7.52230537214 
1.600 0.400  -6.72873190669 
1.600 0.500  -5.96123334327 
1.600 0.600  -5.22450140386 
1.600 0.700  -4.52229143415 
1.600 0.800  -3.85744539851 
1.600 0.900  -3.23196557470 
1.600 1.000  -2.64712039031 
1.600 1.100  -2.10356562217 
1.600 1.200  -1.60146774774 
1.600 1.300  -1.14062030625 
1.600 1.400  -0.72054783882 
1.600 1.500  -0.34059493476 
1.600 1.600   0.00000000000 
1.600 1.700   0.30204530977 
1.600 1.800   0.56634933846 
1.600 1.900   0.79368442938 
1.600 2.000   0.98475973944 
1.600 2.100   1.14020109852 
1.600 2.200   1.26053638622 
1.600 2.300   1.34618516692 
1.600 2.400   1.39745159450 
1.600 2.500   1.41451984863 
1.600 2.600   1.39745159400 
1.600 2.700   1.34618516593 
1.600 2.800   1.26053638482 
1.600 2.900   1.14020109683 
1.600 3.000   0.98475973760 
1.600 3.100   0.79368442756 
1.600 3.200   0.56634933677 
1.600 3.300   0.30204530840 
1.600 3.400  -0.00000000107 
1.600 3.500  -0.34059493577 
1.600 3.600  -0.72054783961 
1.600 3.700  -1.14062030680 
1.600 3.800  -1.60146774813 
1.600 3.900  -2.10356562242 
1.600 4.000  -2.64712039065 
1.600 4.100  -3.23196557520 
1.600 4.200  -3.85744539921 
1.600 4.300  -4.52229143499 
1.600 4.400  -5.22450140499 
1.600 4.500  -5.96123334437 
1.600 4.600  -6.72873190768 
1.600 4.700  -7.52230537315 
1.600 4.800  -8.33637033361 
1.600 4.900  -9.16457486876 
1.600 5.000 -10.00000000001 

1.700 0.000 -10.00000000001 
1.700 0.100  -9.20334253029 
1.700 0.200  -8.41294378729 
1.700 0.300  -7.63483788114 
1.700 0.400  -6.87463332300 
1.700 0.500  -6.13735451377 
1.700 0.600  -5.42733656718 
1.700 0.700  -4.74817558824 
1.700 0.800  -4.10272916281 
1.700 0.900  -3.49315703911 
1.700 1.000  -2.92098999841 
1.700 1.100  -2.38721520578 
1.700 1.200  -1.89236807667 
1.700 1.300  -1.43662310112 
1.700 1.400  -1.01987852046 
1.700 1.500  -0.64183190034 
1.700 1.600  -0.30204530977 
1.700 1.700   0.00000000000 
1.700 1.800   0.26485877825 
1.700 1.900   0.49308577470 
1.700 2.000   0.68520734489 
1.700 2.100   0.84169945391 
1.700 2.200   0.96297096871 
1.700 2.300   1.04935127963 
1.700 2.400   1.10108146861 
1.700 2.500   1.11830842251 
1.700 2.600   1.10108146819 
1.700 2.700   1.04935127864 
1.700 2.800   0.96297096714 
1.700 2.900   0.84169945205 
1.700 3.000   0.68520734307 
1.700 3.100   0.49308577298 
1.700 3.200   0.26485877656 
1.700 3.300  -0.00000000139 
1.700 3.400  -0.30204531066 
1.700 3.500  -0.64183190109 
1.700 3.600  -1.01987852103 
1.700 3.700  -1.43662310150 
1.700 3.800  -1.89236807689 
1.700 3.900  -2.38721520579 
1.700 4.000  -2.92098999845 
1.700 4.100  -3.49315703926 
1.700 4.200  -4.10272916308 
1.700 4.300  -4.74817558850 
1.700 4.400  -5.42733656763 
1.700 4.500  -6.13735451426 
1.700 4.600  -6.87463332352 
1.700 4.700  -7.63483788179 
1.700 4.800  -8.41294378791 
1.700 4.900  -9.20334253059 
1.700 5.000 -10.00000000001 

1.800 0.000 -10.00000000001 
1.800 0.100  -9.23585146552 
1.800 0.200  -8.47722440485 
1.800 0.300  -7.72946904202 
1.800 0.400  -6.99760899031 
1.800 0.500  -6.28621482159 
1.800 0.600  -5.59931476273 
1.800 0.700  -4.94034518867 
1.800 0.800  -4.31213862539 
1.800 0.900  -3.71694342052 
1.800 1.000  -3.15646735846 
1.800 1.100  -2.63193712574 
1.800 1.200  -2.14416625210 
1.800 1.300  -1.69362550097 
1.800 1.400  -1.28051124156 
1.800 1.500  -0.90480883627 
1.800 1.600  -0.56634933846 
1.800 1.700  -0.26485877825 
1.800 1.800   0.00000000000 
1.800 1.900   0.22859254648 
1.800 2.000   0.42128441140 
1.800 2.100   0.57841840330 
1.800 2.200   0.70029675502 
1.800 2.300   0.78716751449 
1.800 2.400   0.83921457810 
1.800 2.500   0.85655090478 
1.800 2.600   0.83921457763 
1.800 2.700   0.78716751347 
1.800 2.800   0.70029675349 
1.800 2.900   0.57841840154 
1.800 3.000   0.42128440978 
1.800 3.100   0.22859254508 
1.800 3.200  -0.00000000134 
1.800 3.300  -0.26485877944 
1.800 3.400  -0.56634933919 
1.800 3.500  -0.90480883675 
1.800 3.600  -1.28051124184 
1.800 3.700  -1.69362550105 
1.800 3.800  -2.14416625207 
1.800 3.900  -2.63193712544 
1.800 4.000  -3.15646735811 
1.800 4.100  -3.71694342019 
1.800 4.200  -4.31213862515 
1.800 4.300  -4.94034518837 
1.800 4.400  -5.59931476261 
1.800 4.500  -6.28621482165 
1.800 4.600  -6.99760899056 
1.800 4.700  -7.72946904240 
1.800 4.800  -8.47722440519 
1.800 4.900  -9.23585146562 
1.800 5.000 -10.00000000001 

1.900 0.000 -10.00000000001 
1.900 0.100  -9.26283892714 
1.900 0.200  -8.53063332464 
1.900 0.300  -7.80820489173 
1.900 0.400  -7.10011877476 
1.900 0.500  -6.41058101961 
1.900 0.600  -5.74336247350 
1.900 0.700  -5.10175177845 
1.900 0.800  -4.48853672983 
1.900 0.900  -3.90601065924 
1.900 1.000  -3.35599888932 
1.900 1.100  -2.83989968659 
1.900 1.200  -2.35873430526 
1.900 1.300  -1.91320140910 
1.900 1.400  -1.50373210869 
1.900 1.500  -1.13054286472 
1.900 1.600  -0.79368442938 
1.900 1.700  -0.49308577470 
1.900 1.800  -0.22859254648 
1.900 1.900   0.00000000000 
1.900 2.000   0.19291935100 
1.900 2.100   0.35039299271 
1.900 2.200   0.47263013335 
1.900 2.300   0.55980744509 
1.900 2.400   0.61205842471 
1.900 2.500   0.62946604114 
1.900 2.600   0.61205842417 
1.900 2.700   0.55980744414 
1.900 2.800   0.47263013216 
1.900 2.900   0.35039299138 
1.900 3.000   0.19291934963 
1.900 3.100  -0.00000000120 
1.900 3.200  -0.22859254742 
1.900 3.300  -0.49308577544 
1.900 3.400  -0.79368442982 
1.900 3.500  -1.13054286497 
1.900 3.600  -1.50373210878 
1.900 3.700  -1.91320140893 
1.900 3.800  -2.35873430495 
1.900 3.900  -2.83989968594 
1.900 4.000  -3.35599888851 
1.900 4.100  -3.90601065839 
1.900 4.200  -4.48853672911 
1.900 4.300  -5.10175177776 
1.900 4.400  -5.74336247310 
1.900 4.500  -6.41058101948 
1.900 4.600  -7.10011877487 
1.900 4.700  -7.80820489194 
1.900 4.800  -8.53063332474 
1.900 4.900  -9.26283892714 
1.900 5.000 -10.00000000001 

2.000 0.000 -10.00000000001 
2.000 0.100  -9.28487091835 
2.000 0.200  -8.57426507494 
2.000 0.300  -7.87259842562 
2.000 0.400  -7.18408019749 
2.000 0.500  -6.51262800863 
2.000 0.600  -5.86180233340 
2.000 0.700  -5.23476272204 
2.000 0.800  -4.63424585650 
2.000 0.900  -4.06256359738 
2.000 1.000  -3.52161785309 
2.000 1.100  -3.01292842606 
2.000 1.200  -2.53766987347 
2.000 1.300  -2.09671372148 
2.000 1.400  -1.69067291949 
2.000 1.500  -1.31994608452 
2.000 1.600  -0.98475973944 
2.000 1.700  -0.68520734489 
2.000 1.800  -0.42128441140 
2.000 1.900  -0.19291935100 
2.000 2.000   0.00000000000 
2.000 2.100   0.15760408324 
2.000 2.200   0.28002334042 
2.000 2.300   0.36737370760 
2.000 2.400   0.41974563448 
2.000 2.500   0.43719641111 
2.000 2.600   0.41974563401 
2.000 2.700   0.36737370685 
2.000 2.800   0.28002333964 
2.000 2.900   0.15760408245 
2.000 3.000  -0.00000000095 
2.000 3.100  -0.19291935198 
2.000 3.200  -0.42128441206 
2.000 3.300  -0.68520734520 
2.000 3.400  -0.98475973952 
2.000 3.500  -1.31994608450 
2.000 3.600  -1.69067291940 
2.000 3.700  -2.09671372113 
2.000 3.800  -2.53766987297 
2.000 3.900  -3.01292842514 
2.000 4.000  -3.52161785193 
2.000 4.100  -4.06256359613 
2.000 4.200  -4.63424585548 
2.000 4.300  -5.23476272123 
2.000 4.400  -5.86180233300 
2.000 4.500  -6.51262800852 
2.000 4.600  -7.18408019752 
2.000 4.700  -7.87259842571 
2.000 4.800  -8.57426507500 
2.000 4.900  -9.28487091849 
2.000 5.000 -10.00000000001 

2.100 0.000 -10.00000000001 
2.100 0.100  -9.30237967115 
2.100 0.200  -8.60895763103 
2.100 0.300  -7.92384353837 
2.100 0.400  -7.25097558082 
2.100 0.500  -6.59404848402 
2.100 0.600  -5.95645612961 
2.100 0.700  -5.34125091991 
2.100 0.800  -4.75112037677 
2.100 0.900  -4.18838002058 
2.100 1.000  -3.65498049957 
2.100 1.100  -3.15252629101 
2.100 1.200  -2.68230304119 
2.100 1.300  -2.24531068368 
2.100 1.400  -1.84229976315 
2.100 1.500  -1.47380881425 
2.100 1.600  -1.14020109852 
2.100 1.700  -0.84169945391 
2.100 1.800  -0.57841840330 
2.100 1.900  -0.35039299271 
2.100 2.000  -0.15760408324 
2.100 2.100   0.00000000000 
2.100 2.200   0.12248543765 
2.100 2.300   0.20991841037 
2.100 2.400   0.26235399443 
2.100 2.500   0.27982833487 
2.100 2.600   0.26235399423 
2.100 2.700   0.20991840996 
2.100 2.800   0.12248543716 
2.100 2.900  -0.00000000044 
2.100 3.000  -0.15760408369 
2.100 3.100  -0.35039299319 
2.100 3.200  -0.57841840360 
2.100 3.300  -0.84169945400 
2.100 3.400  -1.14020109846 
2.100 3.500  -1.47380881403 
2.100 3.600  -1.84229976281 
2.100 3.700  -2.24531068305 
2.100 3.800  -2.68230304047 
2.100 3.900  -3.15252628989 
2.100 4.000  -3.65498049821 
2.100 4.100  -4.18838001910 
2.100 4.200  -4.75112037562 
2.100 4.300  -5.34125091908 
2.100 4.400  -5.95645612924 
2.100 4.500  -6.59404848391 
2.100 4.600  -7.25097558076 
2.100 4.700  -7.92384353840 
2.100 4.800  -8.60895763123 
2.100 4.900  -9.30237967137 
2.100 5.000 -10.00000000001 

2.200 0.000 -10.00000000001 
2.200 0.100  -9.31569013530 
2.200 0.200  -8.63534223975 
2.200 0.300  -7.96284251609 
2.200 0.400  -7.30193010344 
2.200 0.500  -6.65613421729 
2.200 0.600  -6.02872278141 
2.200 0.700  -5.42266445130 
2.200 0.800  -4.84060471017 
2.200 0.900  -4.28485560858 
2.200 1.000  -3.75739783372 
2.200 1.100  -3.25989319725 
2.200 1.200  -2.79370531683 
2.200 1.300  -2.35992620873 
2.200 1.400  -1.95940663516 
2.200 1.500  -1.59278831075 
2.200 1.600  -1.26053638622 
2.200 1.700  -0.96297096871 
2.200 1.800  -0.70029675502 
2.200 1.900  -0.47263013335 
2.200 2.000  -0.28002334042 
2.200 2.100  -0.12248543765 
2.200 2.200   0.00000000000 
2.200 2.300   0.08746050204 
2.200 2.400   0.13992359805 
2.200 2.500   0.15740893963 
2.200 2.600   0.13992359816 
2.200 2.700   0.08746050203 
2.200 2.800  -0.00000000021 
2.200 2.900  -0.12248543787 
2.200 3.000  -0.28002334050 
2.200 3.100  -0.47263013330 
2.200 3.200  -0.70029675495 
2.200 3.300  -0.96297096870 
2.200 3.400  -1.26053638616 
2.200 3.500  -1.59278831041 
2.200 3.600  -1.95940663450 
2.200 3.700  -2.35992620766 
2.200 3.800  -2.79370531565 
2.200 3.900  -3.25989319573 
2.200 4.000  -3.75739783207 
2.200 4.100  -4.28485560684 
2.200 4.200  -4.84060470877 
2.200 4.300  -5.42266445022 
2.200 4.400  -6.02872278073 
2.200 4.500  -6.65613421682 
2.200 4.600  -7.30193010309 
2.200 4.700  -7.96284251594 
2.200 4.800  -8.63534223983 
2.200 4.900  -9.31569013524 
2.200 5.000 -10.00000000001 

2.300 0.000 -10.00000000001 
2.300 0.100  -9.32503863035 
2.300 0.200  -8.65387867677 
2.300 0.300  -7.99025418284 
2.300 0.400  -7.33776809979 
2.300 0.500  -6.69983550061 
2.300 0.600  -6.07963632769 
2.300 0.700  -5.48007939378 
2.300 0.800  -4.90377840413 
2.300 0.900  -4.35303986987 
2.300 1.000  -3.82986202961 
2.300 1.100  -3.33594334744 
2.300 1.200  -2.87269882032 
2.300 1.300  -2.44128219905 
2.300 1.400  -2.04261225790 
2.300 1.500  -1.67740140739 
2.300 1.600  -1.34618516692 
2.300 1.700  -1.04935127963 
2.300 1.800  -0.78716751449 
2.300 1.900  -0.55980744509 
2.300 2.000  -0.36737370760 
2.300 2.100  -0.20991841037 
2.300 2.200  -0.08746050204 
2.300 2.300   0.00000000000 
2.300 2.400   0.05247095631 
2.300 2.500   0.06996022733 
2.300 2.600   0.05247095649 
2.300 2.700   0.00000000017 
2.300 2.800  -0.08746050201 
2.300 2.900  -0.20991841042 
2.300 3.000  -0.36737370760 
2.300 3.100  -0.55980744500 
2.300 3.200  -0.78716751445 
2.300 3.300  -1.04935127976 
2.300 3.400  -1.34618516695 
2.300 3.500  -1.67740140708 
2.300 3.600  -2.04261225717 
2.300 3.700  -2.44128219781 
2.300 3.800  -2.87269881882 
2.300 3.900  -3.33594334557 
2.300 4.000  -3.82986202769 
2.300 4.100  -4.35303986790 
2.300 4.200  -4.90377840241 
2.300 4.300  -5.48007939227 
2.300 4.400  -6.07963632648 
2.300 4.500  -6.69983549964 
2.300 4.600  -7.33776809913 
2.300 4.700  -7.99025418251 
2.300 4.800  -8.65387867654 
2.300 4.900  -9.32503863007 
2.300 5.000 -10.00000000001 

2.400 0.000 -10.00000000001 
2.400 0.100  -9.33058570927 
2.400 0.200  -8.66487965415 
2.400 0.300  -8.00652743878 
2.400 0.400  -7.35905261247 
2.400 0.500  -6.72580335778 
2.400 0.600  -6.10990763498 
2.400 0.700  -5.51423839196 
2.400 0.800  -4.94138964274 
2.400 0.900  -4.39366343708 
2.400 1.000  -3.87306706728 
2.400 1.100  -3.38131934234 
2.400 1.200  -2.91986441796 
2.400 1.300  -2.48989150893 
2.400 1.400  -2.09235878966 
2.400 1.500  -1.72801989381 
2.400 1.600  -1.39745159450 
2.400 1.700  -1.10108146861 
2.400 1.800  -0.83921457810 
2.400 1.900  -0.61205842471 
2.400 2.000  -0.41974563448 
2.400 2.100  -0.26235399443 
2.400 2.200  -0.13992359805 
2.400 2.300  -0.05247095631 
2.400 2.400  -0.00000000000 
2.400 2.500   0.01749005684 
2.400 2.600   0.00000000006 
2.400 2.700  -0.05247095621 
2.400 2.800  -0.13992359793 
2.400 2.900  -0.26235399441 
2.400 3.000  -0.41974563469 
2.400 3.100  -0.61205842509 
2.400 3.200  -0.83921457861 
2.400 3.300  -1.10108146918 
2.400 3.400  -1.39745159482 
2.400 3.500  -1.72801989380 
2.400 3.600  -2.09235878932 
2.400 3.700  -2.48989150808 
2.400 3.800  -2.91986441670 
2.400 3.900  -3.38131934053 
2.400 4.000  -3.87306706538 
2.400 4.100  -4.39366343503 
2.400 4.200  -4.94138964078 
2.400 4.300  -5.51423839010 
2.400 4.400  -6.10990763342 
2.400 4.500  -6.72580335655 
2.400 4.600  -7.35905261168 
2.400 4.700  -8.00652743834 
2.400 4.800  -8.66487965375 
2.400 4.900  -9.33058570915 
2.400 5.000 -10.00000000001 

2.500 0.000 -10.00000000001 
2.500 0.100  -9.33242455261 
2.500 0.200  -8.66852679174 
2.500 0.300  -8.01192330583 
2.500 0.400  -7.36611155364 
2.500 0.500  -6.73441768311 
2.500 0.600  -6.11995246252 
2.500 0.700  -5.52557689628 
2.500 0.800  -4.95387833775 
2.500 0.900  -4.40715716819 
2.500 1.000  -3.88742345991 
2.500 1.100  -3.39640253632 
2.500 1.200  -2.93554800026 
2.500 1.300  -2.50606062889 
2.500 1.400  -2.10891149776 
2.500 1.500  -1.74486778340 
2.500 1.600  -1.41451984863 
2.500 1.700  -1.11830842251 
2.500 1.800  -0.85655090478 
2.500 1.900  -0.62946604114 
2.500 2.000  -0.43719641111 
2.500 2.100  -0.27982833487 
2.500 2.200  -0.15740893963 
2.500 2.300  -0.06996022733 
2.500 2.400  -0.01749005684 
2.500 2.500  -0.00000000000 
2.500 2.600  -0.01749005685 
2.500 2.700  -0.06996022729 
2.500 2.800  -0.15740893953 
2.500 2.900  -0.27982833493 
2.500 3.000  -0.43719641160 
2.500 3.100  -0.62946604201 
2.500 3.200  -0.85655090585 
2.500 3.300  -1.11830842359 
2.500 3.400  -1.41451984935 
2.500 3.500  -1.74486778379 
2.500 3.600  -2.10891149790 
2.500 3.700  -2.50606062855 
2.500 3.800  -2.93554799941 
2.500 3.900  -3.39640253475 
2.500 4.000  -3.88742345805 
2.500 4.100  -4.40715716597 
2.500 4.200  -4.95387833543 
2.500 4.300  -5.52557689401 
2.500 4.400  -6.11995246064 
2.500 4.500  -6.73441768165 
2.500 4.600  -7.36611155259 
2.500 4.700  -8.01192330511 
2.500 4.800  -8.66852679128 
2.500 4.900  -9.33242455254 
2.500 5.000 -10.00000000001 

2.600 0.000 -10.00000000001 
2.600 0.100  -9.33058570945 
2.600 0.200  -8.66487965446 
2.600 0.300  -8.00652743933 
2.600 0.400  -7.35905261316 
2.600 0.500  -6.72580335851 
2.600 0.600  -6.10990763576 
2.600 0.700  -5.51423839281 
2.600 0.800  -4.94138964358 
2.600 0.900  -4.39366343772 
2.600 1.000  -3.87306706764 
2.600 1.100  -3.38131934248 
2.600 1.200  -2.91986441796 
2.600 1.300  -2.48989150870 
2.600 1.400  -2.09235878918 
2.600 1.500  -1.72801989326 
2.600 1.600  -1.39745159400 
2.600 1.700  -1.10108146819 
2.600 1.800  -0.83921457763 
2.600 1.900  -0.61205842417 
2.600 2.000  -0.41974563401 
2.600 2.100  -0.26235399423 
2.600 2.200  -0.13992359816 
2.600 2.300  -0.05247095649 
2.600 2.400  -0.00000000006 
2.600 2.500   0.01749005685 
2.600 2.600  -0.00000000000 
2.600 2.700  -0.05247095640 
2.600 2.800  -0.13992359815 
2.600 2.900  -0.26235399455 
2.600 3.000  -0.41974563479 
2.600 3.100  -0.61205842530 
2.600 3.200  -0.83921457902 
2.600 3.300  -1.10108146971 
2.600 3.400  -1.39745159523 
2.600 3.500  -1.72801989410 
2.600 3.600  -2.09235878961 
2.600 3.700  -2.48989150857 
2.600 3.800  -2.91986441731 
2.600 3.900  -3.38131934101 
2.600 4.000  -3.87306706566 
2.600 4.100  -4.39366343515 
2.600 4.200  -4.94138964077 
2.600 4.300  -5.51423839007 
2.600 4.400  -6.10990763349 
2.600 4.500  -6.72580335667 
2.600 4.600  -7.35905261162 
2.600 4.700  -8.00652743816 
2.600 4.800  -8.66487965385 
2.600 4.900  -9.33058570906 
2.600 5.000 -10.00000000001 

2.700 0.000 -10.00000000001 
2.700 0.100  -9.32503863066 
2.700 0.200  -8.65387867742 
2.700 0.300  -7.99025418384 
2.700 0.400  -7.33776810105 
2.700 0.500  -6.69983550202 
2.700 0.600  -6.07963632921 
2.700 0.700  -5.48007939537 
2.700 0.800  -4.90377840564 
2.700 0.900  -4.35303987107 
2.700 1.000  -3.82986203030 
2.700 1.100  -3.33594334774 
2.700 1.200  -2.87269882038 
2.700 1.300  -2.44128219877 
2.700 1.400  -2.04261225725 
2.700 1.500  -1.67740140652 
2.700 1.600  -1.34618516593 
2.700 1.700  -1.04935127864 
2.700 1.800  -0.78716751347 
2.700 1.900  -0.55980744414 
2.700 2.000  -0.36737370685 
2.700 2.100  -0.20991840996 
2.700 2.200  -0.08746050203 
2.700 2.300  -0.00000000017 
2.700 2.400   0.05247095621 
2.700 2.500   0.06996022729 
2.700 2.600   0.05247095640 
2.700 2.700  -0.00000000000 
2.700 2.800  -0.08746050220 
2.700 2.900  -0.20991841066 
2.700 3.000  -0.36737370798 
2.700 3.100  -0.55980744553 
2.700 3.200  -0.78716751520 
2.700 3.300  -1.04935128069 
2.700 3.400  -1.34618516783 
2.700 3.500  -1.67740140794 
2.700 3.600  -2.04261225802 
2.700 3.700  -2.44128219885 
2.700 3.800  -2.87269881997 
2.700 3.900  -3.33594334651 
2.700 4.000  -3.82986202839 
2.700 4.100  -4.35303986841 
2.700 4.200  -4.90377840271 
2.700 4.300  -5.48007939249 
2.700 4.400  -6.07963632677 
2.700 4.500  -6.69983549995 
2.700 4.600  -7.33776809929 
2.700 4.700  -7.99025418258 
2.700 4.800  -8.65387867673 
2.700 4.900  -9.32503863016 
2.700 5.000 -10.00000000001 

2.800 0.000 -10.00000000001 
2.800 0.100  -9.31569013577 
2.800 0.200  -8.63534224072 
2.800 0.300  -7.96284251741 
2.800 0.400  -7.30193010513 
2.800 0.500  -6.65613421930 
2.800 0.600  -6.02872278358 
2.800 0.700  -5.42266445344 
2.800 0.800  -4.84060471212 
2.800 0.900  -4.28485561016 
2.800 1.000  -3.75739783475 
2.800 1.100  -3.25989319776 
2.800 1.200  -2.79370531700 
2.800 1.300  -2.35992620851 
2.800 1.400  -1.95940663454 
2.800 1.500  -1.59278830976 
2.800 1.600  -1.26053638482 
2.800 1.700  -0.96297096714 
2.800 1.800  -0.70029675349 
2.800 1.900  -0.47263013216 
2.800 2.000  -0.28002333964 
2.800 2.100  -0.12248543716 
2.800 2.200   0.00000000021 
2.800 2.300   0.08746050201 
2.800 2.400   0.13992359793 
2.800 2.500   0.15740893953 
2.800 2.600   0.13992359815 
2.800 2.700   0.08746050220 
2.800 2.800  -0.00000000000 
2.800 2.900  -0.12248543797 
2.800 3.000  -0.28002334098 
2.800 3.100  -0.47263013388 
2.800 3.200  -0.70029675565 
2.800 3.300  -0.96297096963 
2.800 3.400  -1.26053638721 
2.800 3.500  -1.59278831165 
2.800 3.600  -1.95940663570 
2.800 3.700  -2.35992620893 
2.800 3.800  -2.79370531696 
2.800 3.900  -3.25989319689 
2.800 4.000  -3.75739783315 
2.800 4.100  -4.28485560782 
2.800 4.200  -4.84060470954 
2.800 4.300  -5.42266445082 
2.800 4.400  -6.02872278124 
2.800 4.500  -6.65613421727 
2.800 4.600  -7.30193010356 
2.800 4.700  -7.96284251644 
2.800 4.800  -8.63534224004 
2.800 4.900  -9.31569013554 
2.800 5.000 -10.00000000001 

2.900 0.000 -10.00000000001 
2.900 0.100  -9.30237967173 
2.900 0.200  -8.60895763213 
2.900 0.300  -7.92384353988 
2.900 0.400  -7.25097558274 
2.900 0.500  -6.59404848635 
2.900 0.600  -5.95645613215 
2.900 0.700  -5.34125092234 
2.900 0.800  -4.75112037891 
2.900 0.900  -4.18838002234 
2.900 1.000  -3.65498050082 
2.900 1.100  -3.15252629169 
2.900 1.200  -2.68230304143 
2.900 1.300  -2.24531068344 
2.900 1.400  -1.84229976247 
2.900 1.500  -1.47380881309 
2.900 1.600  -1.14020109683 
2.900 1.700  -0.84169945205 
2.900 1.800  -0.57841840154 
2.900 1.900  -0.35039299138 
2.900 2.000  -0.15760408245 
2.900 2.100   0.00000000044 
2.900 2.200   0.12248543787 
2.900 2.300   0.20991841042 
2.900 2.400   0.26235399441 
2.900 2.500   0.27982833493 
2.900 2.600   0.26235399455 
2.900 2.700   0.20991841066 
2.900 2.800   0.12248543797 
2.900 2.900  -0.00000000000 
2.900 3.000  -0.15760408365 
2.900 3.100  -0.35039299322 
2.900 3.200  -0.57841840384 
2.900 3.300  -0.84169945456 
2.900 3.400  -1.14020109919 
2.900 3.500  -1.47380881505 
2.900 3.600  -1.84229976376 
2.900 3.700  -2.24531068399 
2.900 3.800  -2.68230304151 
2.900 3.900  -3.15252629097 
2.900 4.000  -3.65498049944 
2.900 4.100  -4.18838002036 
2.900 4.200  -4.75112037672 
2.900 4.300  -5.34125091999 
2.900 4.400  -5.95645612994 
2.900 4.500  -6.59404848448 
2.900 4.600  -7.25097558143 
2.900 4.700  -7.92384353906 
2.900 4.800  -8.60895763147 
2.900 4.900  -9.30237967154 
2.900 5.000 -10.00000000001 

3.000 0.000 -10.00000000001 
3.000 0.100  -9.28487091893 
3.000 0.200  -8.57426507604 
3.000 0.300  -7.87259842723 
3.000 0.400  -7.18408019951 
3.000 0.500  -6.51262801101 
3.000 0.600  -5.86180233599 
3.000 0.700  -5.23476272456 
3.000 0.800  -4.63424585869 
3.000 0.900  -4.06256359919 
3.000 1.000  -3.52161785443 
3.000 1.100  -3.01292842686 
3.000 1.200  -2.53766987379 
3.000 1.300  -2.09671372125 
3.000 1.400  -1.69067291872 
3.000 1.500  -1.31994608318 
3.000 1.600  -0.98475973760 
3.000 1.700  -0.68520734307 
3.000 1.800  -0.42128440978 
3.000 1.900  -0.19291934963 
3.000 2.000   0.00000000095 
3.000 2.100   0.15760408369 
3.000 2.200   0.28002334050 
3.000 2.300   0.36737370760 
3.000 2.400   0.41974563469 
3.000 2.500   0.43719641160 
3.000 2.600   0.41974563479 
3.000 2.700   0.36737370798 
3.000 2.800   0.28002334098 
3.000 2.900   0.15760408365 
3.000 3.000  -0.00000000000 
3.000 3.100  -0.19291935129 
3.000 3.200  -0.42128441189 
3.000 3.300  -0.68520734543 
3.000 3.400  -0.98475973984 
3.000 3.500  -1.31994608511 
3.000 3.600  -1.69067292001 
3.000 3.700  -2.09671372180 
3.000 3.800  -2.53766987389 
3.000 3.900  -3.01292842627 
3.000 4.000  -3.52161785336 
3.000 4.100  -4.06256359766 
3.000 4.200  -4.63424585697 
3.000 4.300  -5.23476272263 
3.000 4.400  -5.86180233422 
3.000 4.500  -6.51262800962 
3.000 4.600  -7.18408019857 
3.000 4.700  -7.87259842653 
3.000 4.800  -8.57426507567 
3.000 4.900  -9.28487091860 
3.000 5.000 -10.00000000001 

3.100 0.000 -10.00000000001 
3.100 0.100  -9.26283892775 
3.100 0.200  -8.53063332582 
3.100 0.300  -7.80820489345 
3.100 0.400  -7.10011877687 
3.100 0.500  -6.41058102195 
3.100 0.600  -5.74336247602 
3.100 0.700  -5.10175178100 
3.100 0.800  -4.48853673213 
3.100 0.900  -3.90601066114 
3.100 1.000  -3.35599889075 
3.100 1.100  -2.83989968748 
3.100 1.200  -2.35873430571 
3.100 1.300  -1.91320140901 
3.100 1.400  -1.50373210804 
3.100 1.500  -1.13054286339 
3.100 1.600  -0.79368442756 
3.100 1.700  -0.49308577298 
3.100 1.800  -0.22859254508 
3.100 1.900   0.00000000120 
3.100 2.000   0.19291935198 
3.100 2.100   0.35039299319 
3.100 2.200   0.47263013330 
3.100 2.300   0.55980744500 
3.100 2.400   0.61205842509 
3.100 2.500   0.62946604201 
3.100 2.600   0.61205842530 
3.100 2.700   0.55980744553 
3.100 2.800   0.47263013388 
3.100 2.900   0.35039299322 
3.100 3.000   0.19291935129 
3.100 3.100  -0.00000000000 
3.100 3.200  -0.22859254690 
3.100 3.300  -0.49308577534 
3.100 3.400  -0.79368442987 
3.100 3.500  -1.13054286539 
3.100 3.600  -1.50373210941 
3.100 3.700  -1.91320140973 
3.100 3.800  -2.35873430609 
3.100 3.900  -2.83989968735 
3.100 4.000  -3.35599889027 
3.100 4.100  -3.90601066028 
3.100 4.200  -4.48853673109 
3.100 4.300  -5.10175177984 
3.100 4.400  -5.74336247518 
3.100 4.500  -6.41058102145 
3.100 4.600  -7.10011877652 
3.100 4.700  -7.80820489321 
3.100 4.800  -8.53063332594 
3.100 4.900  -9.26283892773 
3.100 5.000 -10.00000000001 

3.200 0.000 -10.00000000001 
3.200 0.100  -9.23585146617 
3.200 0.200  -8.47722440606 
3.200 0.300  -7.72946904373 
3.200 0.400  -6.99760899239 
3.200 0.500  -6.28621482383 
3.200 0.600  -5.59931476509 
3.200 0.700  -4.94034519115 
3.200 0.800  -4.31213862772 
3.200 0.900  -3.71694342246 
3.200 1.000  -3.15646735989 
3.200 1.100  -2.63193712658 
3.200 1.200  -2.14416625250 
3.200 1.300  -1.69362550088 
3.200 1.400  -1.28051124101 
3.200 1.500  -0.90480883508 
3.200 1.600  -0.56634933677 
3.200 1.700  -0.26485877656 
3.200 1.800   0.00000000134 
3.200 1.900   0.22859254742 
3.200 2.000   0.42128441206 
3.200 2.100   0.57841840360 
3.200 2.200   0.70029675495 
3.200 2.300   0.78716751445 
3.200 2.400   0.83921457861 
3.200 2.500   0.85655090585 
3.200 2.600   0.83921457902 
3.200 2.700   0.78716751520 
3.200 2.800   0.70029675565 
3.200 2.900   0.57841840384 
3.200 3.000   0.42128441189 
3.200 3.100   0.22859254690 
3.200 3.200  -0.00000000000 
3.200 3.300  -0.26485877861 
3.200 3.400  -0.56634933875 
3.200 3.500  -0.90480883679 
3.200 3.600  -1.28051124223 
3.200 3.700  -1.69362550168 
3.200 3.800  -2.14416625314 
3.200 3.900  -2.63193712681 
3.200 4.000  -3.15646735982 
3.200 4.100  -3.71694342203 
3.200 4.200  -4.31213862719 
3.200 4.300  -4.94034519068 
3.200 4.400  -5.59931476506 
3.200 4.500  -6.28621482398 
3.200 4.600  -6.99760899247 
3.200 4.700  -7.72946904398 
3.200 4.800  -8.47722440626 
3.200 4.900  -9.23585146641 
3.200 5.000 -10.00000000001 

3.300 0.000 -10.00000000001 
3.300 0.100  -9.20334253090 
3.300 0.200  -8.41294378848 
3.300 0.300  -7.63483788280 
3.300 0.400  -6.87463332499 
3.300 0.500  -6.13735451597 
3.300 0.600  -5.42733656949 
3.300 0.700  -4.74817559063 
3.300 0.800  -4.10272916506 
3.300 0.900  -3.49315704098 
3.300 1.000  -2.92098999974 
3.300 1.100  -2.38721520649 
3.300 1.200  -1.89236807693 
3.300 1.300  -1.43662310090 
3.300 1.400  -1.01987851988 
3.300 1.500  -0.64183189929 
3.300 1.600  -0.30204530840 
3.300 1.700   0.00000000139 
3.300 1.800   0.26485877944 
3.300 1.900   0.49308577544 
3.300 2.000   0.68520734520 
3.300 2.100   0.84169945400 
3.300 2.200   0.96297096870 
3.300 2.300   1.04935127976 
3.300 2.400   1.10108146918 
3.300 2.500   1.11830842359 
3.300 2.600   1.10108146971 
3.300 2.700   1.04935128069 
3.300 2.800   0.96297096963 
3.300 2.900   0.84169945456 
3.300 3.000   0.68520734543 
3.300 3.100   0.49308577534 
3.300 3.200   0.26485877861 
3.300 3.300  -0.00000000000 
3.300 3.400  -0.30204530974 
3.300 3.500  -0.64183190059 
3.300 3.600  -1.01987852094 
3.300 3.700  -1.43662310175 
3.300 3.800  -1.89236807773 
3.300 3.900  -2.38721520698 
3.300 4.000  -2.92098999997 
3.300 4.100  -3.49315704091 
3.300 4.200  -4.10272916499 
3.300 4.300  -4.74817559071 
3.300 4.400  -5.42733656993 
3.300 4.500  -6.13735451645 
3.300 4.600  -6.87463332546 
3.300 4.700  -7.63483788341 
3.300 4.800  -8.41294378875 
3.300 4.900  -9.20334253104 
3.300 5.000 -10.00000000001 

3.400 0.000 -10.00000000001 
3.400 0.100  -9.16457486890 
3.400 0.200  -8.33637033400 
3.400 0.300  -7.52230537384 
3.400 0.400  -6.72873190870 
3.400 0.500  -5.96123334557 
3.400 0.600  -5.22450140629 
3.400 0.700  -4.52229143657 
3.400 0.800  -3.85744540071 
3.400 0.900  -3.23196557644 
3.400 1.000  -2.64712039151 
3.400 1.100  -2.10356562280 
3.400 1.200  -1.60146774800 
3.400 1.300  -1.14062030609 
3.400 1.400  -0.72054783835 
3.400 1.500  -0.34059493387 
3.400 1.600   0.00000000107 
3.400 1.700   0.30204531066 
3.400 1.800   0.56634933919 
3.400 1.900   0.79368442982 
3.400 2.000   0.98475973952 
3.400 2.100   1.14020109846 
3.400 2.200   1.26053638616 
3.400 2.300   1.34618516695 
3.400 2.400   1.39745159482 
3.400 2.500   1.41451984935 
3.400 2.600   1.39745159523 
3.400 2.700   1.34618516783 
3.400 2.800   1.26053638721 
3.400 2.900   1.14020109919 
3.400 3.000   0.98475973984 
3.400 3.100   0.79368442987 
3.400 3.200   0.56634933875 
3.400 3.300   0.30204530974 
3.400 3.400  -0.00000000000 
3.400 3.500  -0.34059493504 
3.400 3.600  -0.72054783937 
3.400 3.700  -1.14062030702 
3.400 3.800  -1.60146774903 
3.400 3.900  -2.10356562368 
3.400 4.000  -2.64712039227 
3.400 4.100  -3.23196557702 
3.400 4.200  -3.85744540131 
3.400 4.300  -4.52229143724 
3.400 4.400  -5.22450140716 
3.400 4.500  -5.96123334649 
3.400 4.600  -6.72873190977 
3.400 4.700  -7.52230537475 
3.400 4.800  -8.33637033475 
3.400 4.900  -9.16457486916 
3.400 5.000 -10.00000000001 

3.500 0.000 -10.00000000001 
3.500 0.100  -9.11858661052 
3.500 0.200  -8.24565730462 
3.500 0.300  -7.38928136986 
3.500 0.400  -6.55675559030 
3.500 0.500  -5.75434555118 
3.500 0.600  -4.98714427339 
3.500 0.700  -4.25904334828 
3.500 0.800  -3.57279542453 
3.500 0.900  -2.93013947247 
3.500 1.000  -2.33196036710 
3.500 1.100  -1.77845914530 
3.500 1.200  -1.26931698622 
3.500 1.300  -0.80384253719 
3.500 1.400  -0.38109759364 
3.500 1.500   0.00000000078 
3.500 1.600   0.34059493577 
3.500 1.700   0.64183190109 
3.500 1.800   0.90480883675 
3.500 1.900   1.13054286497 
3.500 2.000   1.31994608450 
3.500 2.100   1.47380881403 
3.500 2.200   1.59278831041 
3.500 2.300   1.67740140708 
3.500 2.400   1.72801989380 
3.500 2.500   1.74486778379 
3.500 2.600   1.72801989410 
3.500 2.700   1.67740140794 
3.500 2.800   1.59278831165 
3.500 2.900   1.47380881505 
3.500 3.000   1.31994608511 
3.500 3.100   1.13054286539 
3.500 3.200   0.90480883679 
3.500 3.300   0.64183190059 
3.500 3.400   0.34059493504 
3.500 3.500  -0.00000000000 
3.500 3.600  -0.38109759432 
3.500 3.700  -0.80384253793 
3.500 3.800  -1.26931698726 
3.500 3.900  -1.77845914635 
3.500 4.000  -2.33196036815 
3.500 4.100  -2.93013947341 
3.500 4.200  -3.57279542549 
3.500 4.300  -4.25904334924 
3.500 4.400  -4.98714427449 
3.500 4.500  -5.75434555240 
3.500 4.600  -6.55675559163 
3.500 4.700  -7.38928137086 
3.500 4.800  -8.24565730543 
3.500 4.900  -9.11858661093 
3.500 5.000 -10.00000000001 

3.600 0.000 -10.00000000001 
3.600 0.100  -9.06411426840 
3.600 0.200  -8.13839090409 
3.600 0.300  -7.23240721072 
3.600 0.400  -6.35466353139 
3.600 0.500  -5.51224899524 
3.600 0.600  -4.71068678768 
3.600 0.700  -3.95394225838 
3.600 0.800  -3.24455347645 
3.600 0.900  -2.58383652176 
3.600 1.000  -1.97212245925 
3.600 1.100  -1.40899360533 
3.600 1.200  -0.89349851449 
3.600 1.300  -0.42433526268 
3.600 1.400   0.00000000037 
3.600 1.500   0.38109759459 
3.600 1.600   0.72054783961 
3.600 1.700   1.01987852103 
3.600 1.800   1.28051124184 
3.600 1.900   1.50373210878 
3.600 2.000   1.69067291940 
3.600 2.100   1.84229976281 
3.600 2.200   1.95940663450 
3.600 2.300   2.04261225717 
3.600 2.400   2.09235878932 
3.600 2.500   2.10891149790 
3.600 2.600   2.09235878961 
3.600 2.700   2.04261225802 
3.600 2.800   1.95940663570 
3.600 2.900   1.84229976376 
3.600 3.000   1.69067292001 
3.600 3.100   1.50373210941 
3.600 3.200   1.28051124223 
3.600 3.300   1.01987852094 
3.600 3.400   0.72054783937 
3.600 3.500   0.38109759432 
3.600 3.600  -0.00000000000 
3.600 3.700  -0.42433526332 
3.600 3.800  -0.89349851553 
3.600 3.900  -1.40899360644 
3.600 4.000  -1.97212246042 
3.600 4.100  -2.58383652288 
3.600 4.200  -3.24455347763 
3.600 4.300  -3.95394225959 
3.600 4.400  -4.71068678913 
3.600 4.500  -5.51224899677 
3.600 4.600  -6.35466353272 
3.600 4.700  -7.23240721202 
3.600 4.800  -8.13839090490 
3.600 4.900  -9.06411426880 
3.600 5.000 -10.00000000001 

3.700 0.000 -10.00000000001 
3.700 0.100  -8.99947955898 
3.700 0.200  -8.01138483270 
3.700 0.300  -7.04729303757 
3.700 0.400  -6.11724232915 
3.700 0.500  -5.22930011053 
3.700 0.600  -4.38941162378 
3.700 0.700  -3.60148542108 
3.700 0.800  -2.86763970103 
3.700 0.900  -2.18853067872 
3.700 1.000  -1.56369934278 
3.700 1.100  -0.99189430252 
3.700 1.200  -0.47134820406 
3.700 1.300   0.00000000037 
3.700 1.400   0.42433526337 
3.700 1.500   0.80384253777 
3.700 1.600   1.14062030680 
3.700 1.700   1.43662310150 
3.700 1.800   1.69362550105 
3.700 1.900   1.91320140893 
3.700 2.000   2.09671372113 
3.700 2.100   2.24531068305 
3.700 2.200   2.35992620766 
3.700 2.300   2.44128219781 
3.700 2.400   2.48989150808 
3.700 2.500   2.50606062855 
3.700 2.600   2.48989150857 
3.700 2.700   2.44128219885 
3.700 2.800   2.35992620893 
3.700 2.900   2.24531068399 
3.700 3.000   2.09671372180 
3.700 3.100   1.91320140973 
3.700 3.200   1.69362550168 
3.700 3.300   1.43662310175 
3.700 3.400   1.14062030702 
3.700 3.500   0.80384253793 
3.700 3.600   0.42433526332 
3.700 3.700  -0.00000000000 
3.700 3.800  -0.47134820487 
3.700 3.900  -0.99189430351 
3.700 4.000  -1.56369934392 
3.700 4.100  -2.18853067986 
3.700 4.200  -2.86763970227 
3.700 4.300  -3.60148542248 
3.700 4.400  -4.38941162550 
3.700 4.500  -5.22930011222 
3.700 4.600  -6.11724233052 
3.700 4.700  -7.04729303895 
3.700 4.800  -8.01138483375 
3.700 4.900  -8.99947955952 
3.700 5.000 -10.00000000001 

3.800 0.000 -10.00000000001 
3.800 0.100  -8.92241913493 
3.800 0.200  -7.86037583020 
3.800 0.300  -6.82813777765 
3.800 0.400  -5.83771263702 
3.800 0.500  -4.89829749383 
3.800 0.600  -4.01617417589 
3.800 0.700  -3.19494810120 
3.800 0.800  -2.43598922788 
3.800 0.900  -1.73894714926 
3.800 1.000  -1.10224993056 
3.800 1.100  -0.52353605795 
3.800 1.200   0.00000000037 
3.800 1.300   0.47134820466 
3.800 1.400   0.89349851500 
3.800 1.500   1.26931698649 
3.800 1.600   1.60146774813 
3.800 1.700   1.89236807689 
3.800 1.800   2.14416625207 
3.800 1.900   2.35873430495 
3.800 2.000   2.53766987297 
3.800 2.100   2.68230304047 
3.800 2.200   2.79370531565 
3.800 2.300   2.87269881882 
3.800 2.400   2.91986441670 
3.800 2.500   2.93554799941 
3.800 2.600   2.91986441731 
3.800 2.700   2.87269881997 
3.800 2.800   2.79370531696 
3.800 2.900   2.68230304151 
3.800 3.000   2.53766987389 
3.800 3.100   2.35873430609 
3.800 3.200   2.14416625314 
3.800 3.300   1.89236807773 
3.800 3.400   1.60146774903 
3.800 3.500   1.26931698726 
3.800 3.600   0.89349851553 
3.800 3.700   0.47134820487 
3.800 3.800  -0.00000000000 
3.800 3.900  -0.52353605867 
3.800 4.000  -1.10224993143 
3.800 4.100  -1.73894715011 
3.800 4.200  -2.43598922890 
3.800 4.300  -3.19494810252 
3.800 4.400  -4.01617417752 
3.800 4.500  -4.89829749537 
3.800 4.600  -5.83771263861 
3.800 4.700  -6.82813777887 
3.800 4.800  -7.86037583116 
3.800 4.900  -8.92241913544 
3.800 5.000 -10.00000000001 

3.900 0.000 -10.00000000001 
3.900 0.100  -8.82982115058 
3.900 0.200  -7.67956157552 
3.900 0.300  -6.56716960581 
3.900 0.400  -5.50717294753 
3.900 0.500  -4.51000305189 
3.900 0.600  -3.58203948479 
3.900 0.700  -2.72614357992 
3.900 0.800  -1.94242195992 
3.900 0.900  -1.22901875986 
3.900 1.000  -0.58281717233 
3.900 1.100   0.00000000066 
3.900 1.200   0.52353605899 
3.900 1.300   0.99189430303 
3.900 1.400   1.40899360551 
3.900 1.500   1.77845914522 
3.900 1.600   2.10356562242 
3.900 1.700   2.38721520579 
3.900 1.800   2.63193712544 
3.900 1.900   2.83989968594 
3.900 2.000   3.01292842514 
3.900 2.100   3.15252628989 
3.900 2.200   3.25989319573 
3.900 2.300   3.33594334557 
3.900 2.400   3.38131934053 
3.900 2.500   3.39640253475 
3.900 2.600   3.38131934101 
3.900 2.700   3.33594334651 
3.900 2.800   3.25989319689 
3.900 2.900   3.15252629097 
3.900 3.000   3.01292842627 
3.900 3.100   2.83989968735 
3.900 3.200   2.63193712681 
3.900 3.300   2.38721520698 
3.900 3.400   2.10356562368 
3.900 3.500   1.77845914635 
3.900 3.600   1.40899360644 
3.900 3.700   0.99189430351 
3.900 3.800   0.52353605867 
3.900 3.900  -0.00000000000 
3.900 4.000  -0.58281717305 
3.900 4.100  -1.22901876058 
3.900 4.200  -1.94242196092 
3.900 4.300  -2.72614358129 
3.900 4.400  -3.58203948645 
3.900 4.500  -4.51000305361 
3.900 4.600  -5.50717294951 
3.900 4.700  -6.56716960750 
3.900 4.800  -7.67956157672 
3.900 4.900  -8.82982115117 
3.900 5.000 -10.00000000001 

4.000 0.000 -10.00000000001 
4.000 0.100  -8.71730389188 
4.000 0.200  -7.46087971560 
4.000 0.300  -6.25380612269 
4.000 0.400  -5.11380649567 
4.000 0.500  -4.05250228163 
4.000 0.600  -3.07583713164 
4.000 0.700  -2.18516477373 
4.000 0.800  -1.37853627169 
4.000 0.900  -0.65188875756 
4.000 1.000   0.00000000059 
4.000 1.100   0.58281717345 
4.000 1.200   1.10224993150 
4.000 1.300   1.56369934309 
4.000 1.400   1.97212245902 
4.000 1.500   2.33196036657 
4.000 1.600   2.64712039065 
4.000 1.700   2.92098999845 
4.000 1.800   3.15646735811 
4.000 1.900   3.35599888851 
4.000 2.000   3.52161785193 
4.000 2.100   3.65498049821 
4.000 2.200   3.75739783207 
4.000 2.300   3.82986202769 
4.000 2.400   3.87306706538 
4.000 2.500   3.88742345805 
4.000 2.600   3.87306706566 
4.000 2.700   3.82986202839 
4.000 2.800   3.75739783315 
4.000 2.900   3.65498049944 
4.000 3.000   3.52161785336 
4.000 3.100   3.35599889027 
4.000 3.200   3.15646735982 
4.000 3.300   2.92098999997 
4.000 3.400   2.64712039227 
4.000 3.500   2.33196036815 
4.000 3.600   1.97212246042 
4.000 3.700   1.56369934392 
4.000 3.800   1.10224993143 
4.000 3.900   0.58281717305 
4.000 4.000  -0.00000000000 
4.000 4.100  -0.65188875827 
4.000 4.200  -1.37853627267 
4.000 4.300  -2.18516477497 
4.000 4.400  -3.07583713320 
4.000 4.500  -4.05250228360 
4.000 4.600  -5.11380649753 
4.000 4.700  -6.25380612453 
4.000 4.800  -7.46087971705 
4.000 4.900  -8.71730389266 
4.000 5.000 -10.00000000001 

4.100 0.000 -10.00000000001 
4.100 0.100  -8.57851470142 
4.100 0.200  -7.19284727262 
4.100 0.300  -5.87336867405 
4.100 0.400  -4.64174463119 
4.100 0.500  -3.51036244761 
4.100 0.600  -2.48364198653 
4.100 0.700  -1.56014211170 
4.100 0.800  -0.73466959540 
4.100 0.900   0.00000000086 
4.100 1.000   0.65188875895 
4.100 1.100   1.22901876096 
4.100 1.200   1.73894715010 
4.100 1.300   2.18853067891 
4.100 1.400   2.58383652125 
4.100 1.500   2.93013947156 
4.100 1.600   3.23196557520 
4.100 1.700   3.49315703926 
4.100 1.800   3.71694342019 
4.100 1.900   3.90601065839 
4.100 2.000   4.06256359613 
4.100 2.100   4.18838001910 
4.100 2.200   4.28485560684 
4.100 2.300   4.35303986790 
4.100 2.400   4.39366343503 
4.100 2.500   4.40715716597 
4.100 2.600   4.39366343515 
4.100 2.700   4.35303986841 
4.100 2.800   4.28485560782 
4.100 2.900   4.18838002036 
4.100 3.000   4.06256359766 
4.100 3.100   3.90601066028 
4.100 3.200   3.71694342203 
4.100 3.300   3.49315704091 
4.100 3.400   3.23196557702 
4.100 3.500   2.93013947341 
4.100 3.600   2.58383652288 
4.100 3.700   2.18853067986 
4.100 3.800   1.73894715011 
4.100 3.900   1.22901876058 
4.100 4.000   0.65188875827 
4.100 4.100   0.00000000000 
4.100 4.200  -0.73466959644 
4.100 4.300  -1.56014211293 
4.100 4.400  -2.48364198810 
4.100 4.500  -3.51036244964 
4.100 4.600  -4.64174463311 
4.100 4.700  -5.87336867586 
4.100 4.800  -7.19284727423 
4.100 4.900  -8.57851470237 
4.100 5.000 -10.00000000001 

4.200 0.000 -10.00000000001 
4.200 0.100  -8.40390764138 
4.200 0.200  -6.85862599997 
4.200 0.300  -5.40507667021 
4.200 0.400  -4.06944090774 
4.200 0.500  -2.86356089118 
4.200 0.600  -1.78822625509 
4.200 0.700  -0.83709209106 
4.200 0.800   0.00000000104 
4.200 0.900   0.73466959727 
4.200 1.000   1.37853627327 
4.200 1.100   1.94242196107 
4.200 1.200   2.43598922863 
4.200 1.300   2.86763970119 
4.200 1.400   3.24455347588 
4.200 1.500   3.57279542342 
4.200 1.600   3.85744539921 
4.200 1.700   4.10272916308 
4.200 1.800   4.31213862515 
4.200 1.900   4.48853672911 
4.200 2.000   4.63424585548 
4.200 2.100   4.75112037562 
4.200 2.200   4.84060470877 
4.200 2.300   4.90377840241 
4.200 2.400   4.94138964078 
4.200 2.500   4.95387833543 
4.200 2.600   4.94138964077 
4.200 2.700   4.90377840271 
4.200 2.800   4.84060470954 
4.200 2.900   4.75112037672 
4.200 3.000   4.63424585697 
4.200 3.100   4.48853673109 
4.200 3.200   4.31213862719 
4.200 3.300   4.10272916499 
4.200 3.400   3.85744540131 
4.200 3.500   3.57279542549 
4.200 3.600   3.24455347763 
4.200 3.700   2.86763970227 
4.200 3.800   2.43598922890 
4.200 3.900   1.94242196092 
4.200 4.000   1.37853627267 
4.200 4.100   0.73466959644 
4.200 4.200   0.00000000000 
4.200 4.300  -0.83709209240 
4.200 4.400  -1.78822625670 
4.200 4.500  -2.86356089267 
4.200 4.600  -4.06944090950 
4.200 4.700  -5.40507667188 
4.200 4.800  -6.85862600147 
4.200 4.900  -8.40390764244 
4.200 5.000 -10.00000000001 

4.300 0.000 -10.00000000001 
4.300 0.100  -8.17848986448 
4.300 0.200  -6.43267241618 
4.300 0.300  -4.81887109938 
4.300 0.400  -3.36738143849 
4.300 0.500  -2.08621395435 
4.300 0.600  -0.96861005164 
4.300 0.700   0.00000000145 
4.300 0.800   0.83709209359 
4.300 0.900   1.56014211382 
4.300 1.000   2.18516477553 
4.300 1.100   2.72614358123 
4.300 1.200   3.19494810198 
4.300 1.300   3.60148542130 
4.300 1.400   3.95394225793 
4.300 1.500   4.25904334721 
4.300 1.600   4.52229143499 
4.300 1.700   4.74817558850 
4.300 1.800   4.94034518837 
4.300 1.900   5.10175177776 
4.300 2.000   5.23476272123 
4.300 2.100   5.34125091908 
4.300 2.200   5.42266445022 
4.300 2.300   5.48007939227 
4.300 2.400   5.51423839010 
4.300 2.500   5.52557689401 
4.300 2.600   5.51423839006 
4.300 2.700   5.48007939249 
4.300 2.800   5.42266445082 
4.300 2.900   5.34125091999 
4.300 3.000   5.23476272263 
4.300 3.100   5.10175177984 
4.300 3.200   4.94034519068 
4.300 3.300   4.74817559071 
4.300 3.400   4.52229143724 
4.300 3.500   4.25904334924 
4.300 3.600   3.95394225959 
4.300 3.700   3.60148542248 
4.300 3.800   3.19494810252 
4.300 3.900   2.72614358129 
4.300 4.000   2.18516477497 
4.300 4.100   1.56014211293 
4.300 4.200   0.83709209240 
4.300 4.300   0.00000000000 
4.300 4.400  -0.96861005328 
4.300 4.500  -2.08621395566 
4.300 4.600  -3.36738143995 
4.300 4.700  -4.81887110076 
4.300 4.800  -6.43267241697 
4.300 4.900  -8.17848986516 
4.300 5.000 -10.00000000001 

4.400 0.000 -10.00000000001 
4.400 0.100  -7.87737940067 
4.400 0.200  -5.87470270119 
4.400 0.300  -4.07035387264 
4.400 0.400  -2.49499979231 
4.400 0.500  -1.14530343600 
4.400 0.600   0.00000000141 
4.400 0.700   0.96861005451 
4.400 0.800   1.78822625776 
4.400 0.900   2.48364198876 
4.400 1.000   3.07583713353 
4.400 1.100   3.58203948623 
4.400 1.200   4.01617417677 
4.400 1.300   4.38941162414 
4.400 1.400   4.71068678749 
4.400 1.500   4.98714427262 
4.400 1.600   5.22450140499 
4.400 1.700   5.42733656763 
4.400 1.800   5.59931476261 
4.400 1.900   5.74336247310 
4.400 2.000   5.86180233300 
4.400 2.100   5.95645612924 
4.400 2.200   6.02872278073 
4.400 2.300   6.07963632648 
4.400 2.400   6.10990763342 
4.400 2.500   6.11995246064 
4.400 2.600   6.10990763349 
4.400 2.700   6.07963632677 
4.400 2.800   6.02872278124 
4.400 2.900   5.95645612994 
4.400 3.000   5.86180233422 
4.400 3.100   5.74336247518 
4.400 3.200   5.59931476506 
4.400 3.300   5.42733656993 
4.400 3.400   5.22450140716 
4.400 3.500   4.98714427449 
4.400 3.600   4.71068678913 
4.400 3.700   4.38941162550 
4.400 3.800   4.01617417752 
4.400 3.900   3.58203948645 
4.400 4.000   3.07583713320 
4.400 4.100   2.48364198810 
4.400 4.200   1.78822625670 
4.400 4.300   0.96861005328 
4.400 4.400  -0.00000000000 
4.400 4.500  -1.14530343756 
4.400 4.600  -2.49499979338 
4.400 4.700  -4.07035387369 
4.400 4.800  -5.87470270191 
4.400 4.900  -7.87737940123 
4.400 5.000 -10.00000000001 

4.500 0.000 -10.00000000001 
4.500 0.100  -7.45632503719 
4.500 0.200  -5.11840511537 
4.500 0.300  -3.09284189762 
4.500 0.400  -1.39696042192 
4.500 0.500   0.00000000135 
4.500 0.600   1.14530343876 
4.500 0.700   2.08621395715 
4.500 0.800   2.86356089381 
4.500 0.900   3.51036244983 
4.500 1.000   4.05250228348 
4.500 1.100   4.51000305333 
4.500 1.200   4.89829749476 
4.500 1.300   5.22930011092 
4.500 1.400   5.51224899509 
4.500 1.500   5.75434555050 
4.500 1.600   5.96123334437 
4.500 1.700   6.13735451426 
4.500 1.800   6.28621482165 
4.500 1.900   6.41058101948 
4.500 2.000   6.51262800852 
4.500 2.100   6.59404848391 
4.500 2.200   6.65613421682 
4.500 2.300   6.69983549964 
4.500 2.400   6.72580335655 
4.500 2.500   6.73441768165 
4.500 2.600   6.72580335667 
4.500 2.700   6.69983549995 
4.500 2.800   6.65613421727 
4.500 2.900   6.59404848448 
4.500 3.000   6.51262800962 
4.500 3.100   6.41058102145 
4.500 3.200   6.28621482398 
4.500 3.300   6.13735451645 
4.500 3.400   5.96123334649 
4.500 3.500   5.75434555240 
4.500 3.600   5.51224899677 
4.500 3.700   5.22930011222 
4.500 3.800   4.89829749537 
4.500 3.900   4.51000305361 
4.500 4.000   4.05250228360 
4.500 4.100   3.51036244964 
4.500 4.200   2.86356089267 
4.500 4.300   2.08621395566 
4.500 4.400   1.14530343756 
4.500 4.500  -0.00000000000 
4.500 4.600  -1.39696042301 
4.500 4.700  -3.09284189858 
4.500 4.800  -5.11840511597 
4.500 4.900  -7.45632503746 
4.500 5.000 -10.00000000001 

4.600 0.000 -10.00000000001 
4.600 0.100  -6.82951563274 
4.600 0.200  -4.04975082546 
4.600 0.300  -1.78564818040 
4.600 0.400   0.00000000095 
4.600 0.500   1.39696042424 
4.600 0.600   2.49499979482 
4.600 0.700   3.36738144098 
4.600 0.800   4.06944091009 
4.600 0.900   4.64174463322 
4.600 1.000   5.11380649737 
4.600 1.100   5.50717294895 
4.600 1.200   5.83771263807 
4.600 1.300   6.11724232969 
4.600 1.400   6.35466353138 
4.600 1.500   6.55675558977 
4.600 1.600   6.72873190768 
4.600 1.700   6.87463332352 
4.600 1.800   6.99760899056 
4.600 1.900   7.10011877487 
4.600 2.000   7.18408019752 
4.600 2.100   7.25097558076 
4.600 2.200   7.30193010309 
4.600 2.300   7.33776809913 
4.600 2.400   7.35905261168 
4.600 2.500   7.36611155259 
4.600 2.600   7.35905261162 
4.600 2.700   7.33776809929 
4.600 2.800   7.30193010356 
4.600 2.900   7.25097558143 
4.600 3.000   7.18408019857 
4.600 3.100   7.10011877652 
4.600 3.200   6.99760899247 
4.600 3.300   6.87463332546 
4.600 3.400   6.72873190977 
4.600 3.500   6.55675559163 
4.600 3.600   6.35466353272 
4.600 3.700   6.11724233052 
4.600 3.800   5.83771263861 
4.600 3.900   5.50717294951 
4.600 4.000   5.11380649753 
4.600 4.100   4.64174463311 
4.600 4.200   4.06944090950 
4.600 4.300   3.36738143995 
4.600 4.400   2.49499979338 
4.600 4.500   1.39696042301 
4.600 4.600  -0.00000000000 
4.600 4.700  -1.78564818105 
4.600 4.800  -4.04975082586 
4.600 4.900  -6.82951563289 
4.600 5.000 -10.00000000001 

4.700 0.000 -10.00000000001 
4.700 0.100  -5.81198666827 
4.700 0.200  -2.46543437323 
4.700 0.300   0.00000000062 
4.700 0.400   1.78564818199 
4.700 0.500   3.09284189959 
4.700 0.600   4.07035387484 
4.700 0.700   4.81887110152 
4.700 0.800   5.40507667217 
4.700 0.900   5.87336867574 
4.700 1.000   6.25380612412 
4.700 1.100   6.56716960707 
4.700 1.200   6.82813777865 
4.700 1.300   7.04729303813 
4.700 1.400   7.23240721078 
4.700 1.500   7.38928136949 
4.700 1.600   7.52230537315 
4.700 1.700   7.63483788179 
4.700 1.800   7.72946904240 
4.700 1.900   7.80820489194 
4.700 2.000   7.87259842571 
4.700 2.100   7.92384353840 
4.700 2.200   7.96284251594 
4.700 2.300   7.99025418251 
4.700 2.400   8.00652743834 
4.700 2.500   8.01192330511 
4.700 2.600   8.00652743816 
4.700 2.700   7.99025418258 
4.700 2.800   7.96284251644 
4.700 2.900   7.92384353906 
4.700 3.000   7.87259842653 
4.700 3.100   7.80820489321 
4.700 3.200   7.72946904398 
4.700 3.300   7.63483788341 
4.700 3.400   7.52230537475 
4.700 3.500   7.38928137086 
4.700 3.600   7.23240721202 
4.700 3.700   7.04729303895 
4.700 3.800   6.82813777887 
4.700 3.900   6.56716960750 
4.700 4.000   6.25380612453 
4.700 4.100   5.87336867586 
4.700 4.200   5.40507667188 
4.700 4.300   4.81887110076 
4.700 4.400   4.07035387369 
4.700 4.500   3.09284189858 
4.700 4.600   1.78564818105 
4.700 4.700  -0.00000000000 
4.700 4.800  -2.46543437392 
4.700 4.900  -5.81198666839 
4.700 5.000 -10.00000000001 

4.800 0.000 -10.00000000001 
4.800 0.100  -3.95299666703 
4.800 0.200   0.00000000021 
4.800 0.300   2.46543437404 
4.800 0.400   4.04975082663 
4.800 0.500   5.11840511689 
4.800 0.600   5.87470270290 
4.800 0.700   6.43267241783 
4.800 0.800   6.85862600143 
4.800 0.900   7.19284727390 
4.800 1.000   7.46087971673 
4.800 1.100   7.67956157655 
4.800 1.200   7.86037583100 
4.800 1.300   8.01138483310 
4.800 1.400   8.13839090407 
4.800 1.500   8.24565730435 
4.800 1.600   8.33637033361 
4.800 1.700   8.41294378791 
4.800 1.800   8.47722440519 
4.800 1.900   8.53063332474 
4.800 2.000   8.57426507500 
4.800 2.100   8.60895763123 
4.800 2.200   8.63534223983 
4.800 2.300   8.65387867654 
4.800 2.400   8.66487965375 
4.800 2.500   8.66852679128 
4.800 2.600   8.66487965385 
4.800 2.700   8.65387867673 
4.800 2.800   8.63534224004 
4.800 2.900   8.60895763147 
4.800 3.000   8.57426507567 
4.800 3.100   8.53063332594 
4.800 3.200   8.47722440626 
4.800 3.300   8.41294378875 
4.800 3.400   8.33637033475 
4.800 3.500   8.24565730543 
4.800 3.600   8.13839090490 
4.800 3.700   8.01138483375 
4.800 3.800   7.86037583116 
4.800 3.900   7.67956157672 
4.800 4.000   7.46087971705 
4.800 4.100   7.19284727423 
4.800 4.200   6.85862600147 
4.800 4.300   6.43267241697 
4.800 4.400   5.87470270191 
4.800 4.500   5.11840511597 
4.800 4.600   4.04975082586 
4.800 4.700   2.46543437392 
4.800 4.800  -0.00000000000 
4.800 4.900  -3.95299666736 
4.800 5.000 -10.00000000001 

4.900 0.000 -10.00000000001 
4.900 0.100   0.00000000003 
4.900 0.200   3.95299666720 
4.900 0.300   5.81198666866 
4.900 0.400   6.82951563338 
4.900 0.500   7.45632503802 
4.900 0.600   7.87737940158 
4.900 0.700   8.17848986533 
4.900 0.800   8.40390764211 
4.900 0.900   8.57851470207 
4.900 1.000   8.71730389252 
4.900 1.100   8.82982115118 
4.900 1.200   8.92241913535 
4.900 1.300   8.99947955914 
4.900 1.400   9.06411426834 
4.900 1.500   9.11858661040 
4.900 1.600   9.16457486876 
4.900 1.700   9.20334253059 
4.900 1.800   9.23585146562 
4.900 1.900   9.26283892714 
4.900 2.000   9.28487091849 
4.900 2.100   9.30237967137 
4.900 2.200   9.31569013524 
4.900 2.300   9.32503863007 
4.900 2.400   9.33058570915 
4.900 2.500   9.33242455254 
4.900 2.600   9.33058570906 
4.900 2.700   9.32503863016 
4.900 2.800   9.31569013554 
4.900 2.900   9.30237967154 
4.900 3.000   9.28487091860 
4.900 3.100   9.26283892773 
4.900 3.200   9.23585146641 
4.900 3.300   9.20334253104 
4.900 3.400   9.16457486916 
4.900 3.500   9.11858661093 
4.900 3.600   9.06411426880 
4.900 3.700   8.99947955952 
4.900 3.800   8.92241913544 
4.900 3.900   8.82982115117 
4.900 4.000   8.71730389266 
4.900 4.100   8.57851470237 
4.900 4.200   8.40390764244 
4.900 4.300   8.17848986516 
4.900 4.400   7.87737940123 
4.900 4.500   7.45632503746 
4.900 4.600   6.82951563289 
4.900 4.700   5.81198666839 
4.900 4.800   3.95299666736 
4.900 4.900  -0.00000000000 
4.900 5.000 -10.00000000001 

5.000 0.000 -10.00000000001 
5.000 0.100  10.00000000001 
5.000 0.200  10.00000000001 
5.000 0.300  10.00000000001 
5.000 0.400  10.00000000001 
5.000 0.500  10.00000000001 
5.000 0.600  10.00000000001 
5.000 0.700  10.00000000001 
5.000 0.800  10.00000000001 
5.000 0.900  10.00000000001 
5.000 1.000  10.00000000001 
5.000 1.100  10.00000000001 
5.000 1.200  10.00000000001 
5.000 1.300  10.00000000001 
5.000 1.400  10.00000000001 
5.000 1.500  10.00000000001 
5.000 1.600  10.00000000001 
5.000 1.700  10.00000000001 
5.000 1.800  10.00000000001 
5.000 1.900  10.00000000001 
5.000 2.000  10.00000000001 
5.000 2.100  10.00000000001 
5.000 2.200  10.00000000001 
5.000 2.300  10.00000000001 
5.000 2.400  10.00000000001 
5.000 2.500  10.00000000001 
5.000 2.600  10.00000000001 
5.000 2.700  10.00000000001 
5.000 2.800  10.00000000001 
5.000 2.900  10.00000000001 
5.000 3.000  10.00000000001 
5.000 3.100  10.00000000001 
5.000 3.200  10.00000000001 
5.000 3.300  10.00000000001 
5.000 3.400  10.00000000001 
5.000 3.500  10.00000000001 
5.000 3.600  10.00000000001 
5.000 3.700  10.00000000001 
5.000 3.800  10.00000000001 
5.000 3.900  10.00000000001 
5.000 4.000  10.00000000001 
5.000 4.100  10.00000000001 
5.000 4.200  10.00000000001 
5.000 4.300  10.00000000001 
5.000 4.400  10.00000000001 
5.000 4.500  10.00000000001 
5.000 4.600  10.00000000001 
5.000 4.700  10.00000000001 
5.000 4.800  10.00000000001 
5.000 4.900  10.00000000001 
5.000 5.000  10.00000000001 

